\STAR_ID='HD 168723'
\DATA_CATEGORY='Planet Radial Velocity Curve'
\NUMBER_OF_POINTS='81'
\TIME_REFERENCE_FRAME='HJD'
\MINIMUM_DATE='2449783.07232'
\DATE_UNITS='days'
\MAXIMUM_DATE='2455846.64983'
\MINIMUM_VALUE='-21.698101'
\VALUE_UNITS='m/s'
\MAXIMUM_VALUE='35.9405518'
\REFERENCE='Howard & Fulton, 2016'
\BIBCODE='2016arXiv160603134H'
\TELESCOPE='3.0m Shane'
\INSTRUMENT='l: Hamilton Spectrograph post-dewar 16 (after November 1994)'
\WAVELENGTH_CALIBRATION_TECHNIQUE='Iodine'
\OBSERVATORY_SITE='Lick Observatory, California'
\COLUMN_RADIAL_VELOCITY='Relative radial velocity'
\COLUMN_RADIAL_VELOCITY_UNCERTAINTY='Uncertainty in RADIAL_VELOCITY'
|          HJD|Radial_Velocity|Radial_Velocity_Uncertainty|
|       double|         double|                     double|
|         days|          m / s|                      m / s|
|         null|           null|                       null|
 2449783.07232       24.998436                   2.2394149 
 2449857.90101       9.0690022                   1.0464892 
 2449859.95833      35.9405518                   2.3343184 
 2449871.91605      12.3165083                   1.1514399 
 2449892.85205      23.9049988                   1.4707822 
 2449956.66406      22.2935581                   1.0195508 
 2450188.02246      10.0500002                   1.5700002 
 2450200.96569      19.3233032                   1.1307743 
 2450613.87695            7.75                         2.2 
 2450656.84473      12.9300003                   2.3499999 
 2451014.80371       6.5500002                   2.4000001 
 2451049.70898            8.04                   2.3099999 
 2451377.80984      10.6154413                   1.4386365 
 2451379.84428      11.6522512                   1.5265651 
 2451380.85887      32.0364151                   1.5756595 
 2451387.77075      13.3401947                    1.530874 
 2451389.82478       7.5561757                   1.7745706 
 2451446.62598      20.2700005                   2.3399999 
 2451629.03701      18.2379494                   0.8429281 
 2451752.78809      11.4099998                        2.24 
 2451814.62695      14.2600002                   2.4200001 
 2452001.03027       5.7800002                   2.4300001 
 2452073.83341      16.7677078                   1.4279182 
 2452142.70931      18.7810211                   1.4389492 
 2452147.70858       19.436142                   1.3746549 
 2453121.99805      -8.3299999                        2.01 
 2453122.99414      -9.1400003                        1.87 
 2453123.99316            0.68                        2.03 
 2453125.00977       2.4200001                        2.02 
 2453126.00116      -5.9257488                   1.3470246 
 2453131.96484            4.52                   1.9200001 
 2453135.00586       1.9400001                   1.9299999 
 2453150.94534       0.4844315                   1.1033903 
 2453188.87048         2.39955                   1.0207338 
 2453201.84219      -9.6133337                   0.9006664 
 2453220.81598       0.4619799                   1.0551732 
 2453239.75285      -7.8626337                   1.0616723 
 2453511.93743       6.9154205                   1.2620519 
 2453512.92292      -3.8872499                   1.2603891 
 2453523.92612      -6.8979492                   1.3237282 
 2453541.90446      -2.3485923                   1.5048929 
  2453553.8033      -3.8324859                   1.3143065 
 2453554.77774      -0.1494378                   1.3600651 
 2453555.84283       7.4412355                    1.316353 
 2453556.78718      -6.3744664                   1.2680606 
 2453557.78473       -6.893878                   1.2674702 
  2453558.8042      -5.6164217                   1.1509582 
 2453559.80966      -6.9063973                   1.2830336 
 2453561.79749      -9.5242329                   1.5175934 
 2453564.74024      -3.1724343                   1.4515438 
 2453565.79136      -8.4181643                   1.4232285 
 2453566.80779      -3.2583253                   1.3823802 
  2453570.7537       2.1265476                   1.4336141 
 2453590.71717        3.058367                   1.5554421 
 2453593.74329      -7.0753803                   1.4765848 
 2453595.73134      -5.9016051                   1.5816003 
 2453596.72997      -7.9934855                   1.4317733 
 2453923.79181      -1.5332754                   1.2284251 
 2453924.77934       9.7750883                    1.294116 
 2453926.76276       4.2634878                   1.2159771 
 2453953.74543     -15.1700001                        1.66 
 2453955.78404           -4.29                        1.85 
 2453957.75739      -21.698101                   1.2635894 
 2453988.70424      -3.0979695                    1.392785 
 2453989.74609     -13.5303097                   1.2439656 
 2454049.58901      -15.636569                   1.2832673 
 2454253.93419     -17.9060383                   1.0162348 
  2454311.8003      -0.9438359                   1.2848376 
 2454597.95784      -1.2881091                   1.2620519 
 2454598.94664       5.5900002                   1.9500002 
 2454606.93611     -15.5552616                   1.2443445 
 2454612.91306      -7.9463654                   1.2052283 
 2454622.95049       5.9962468                   1.0491046 
 2454640.86273     -12.8534126                   1.2500921 
 2454649.90034      -9.9427223                   1.2727332 
 2454650.84409       1.7269615                   1.2485399 
 2454661.82508      -5.8231125                   0.7575771 
 2454674.78665      -8.1263342                   0.8269356 
 2454697.81319     -13.5842314                    0.962156 
  2454722.7139      -1.9709382                   0.9583778 
 2455846.64983           -1.67                   2.3099999 
