\STAR_ID='HD 3651'
\DATA_CATEGORY='Planet Radial Velocity Curve'
\NUMBER_OF_POINTS='54'
\TIME_REFERENCE_FRAME='HJD'
\MINIMUM_DATE='2453238.95794'
\DATE_UNITS='days'
\MAXIMUM_DATE='2456640.84654'
\MINIMUM_VALUE='-25.4958601422'
\VALUE_UNITS='m/s'
\MAXIMUM_VALUE='16.2551678184'
\REFERENCE='Howard & Fulton, 2016'
\BIBCODE='2016arXiv160603134H'
\TELESCOPE='10m Keck I'
\INSTRUMENT='j: post-upgrade Keck HIRES (after August 19 2004)'
\WAVELENGTH_CALIBRATION_TECHNIQUE='Iodine'
\OBSERVATORY_SITE='Mauna Kea, Hawaii'
\COLUMN_RADIAL_VELOCITY='Relative radial velocity'
\COLUMN_RADIAL_VELOCITY_UNCERTAINTY='Uncertainty in RADIAL_VELOCITY'
|          HJD|Radial_Velocity|Radial_Velocity_Uncertainty|
|       double|         double|                     double|
|         days|          m / s|                      m / s|
|         null|           null|                       null|
 2453238.95794  -16.9698114461                   0.9819978 
 2453301.97203   -18.369087014                   1.0113363 
 2453338.81687  0.988686097025                    0.512576 
 2453369.74294  -25.4958601422                    0.474892 
 2453426.72328  -14.9460552034                   0.4591262 
 2453692.70977   7.29127913483                   0.4962038 
 2453693.71423   7.73998960604                   0.4626948 
 2453693.93743   7.15753951563                   0.4192123 
 2453694.71027   6.84499569003                    0.436622 
 2453694.85688   6.94569109445                   0.4254896 
 2453695.87054   7.29634659062                    0.476834 
 2453696.72896   7.67272008074                   0.4463585 
 2453724.84123   -4.6256958095                   0.5207556 
 2453927.05423  -17.5917411854                   0.4575966 
 2453981.91323  -10.1810224256                   0.5093882 
 2454084.87972  -1.01828944098                   0.6085653 
 2454279.12854  -1.46203784043                    0.798896 
 2454295.08889  -8.81253495829                   0.8301781 
 2454398.92093  -2.46586061919                   0.9218115 
 2454717.94207  -8.87501213855                   1.1712294 
 2454718.99801  0.570422572379                   1.0060167 
 2454719.99825  -9.42062043445                   1.0280694 
 2454720.92397  -4.08168155072                   0.9821876 
 2454721.90809  -8.78475397138                   1.0741794 
 2454722.89071   -10.717964864                   1.0951967 
 2454723.87521  -6.18732390027                   1.3811282 
 2454724.96134  -5.04243612633                   1.0359449 
 2455015.12737   4.05480650964                   0.8825516 
 2455043.03193  -5.44947080048                   1.0535344 
 2455171.95021  -21.5818772314                   1.1848854 
 2455250.70763   10.2557863005                    0.937604 
 2455379.13118   13.2808614999                    0.951934 
 2455414.02502    -5.532913696                   1.0693817 
 2455435.04205   13.8419765295                   0.9522089 
  2455522.8905   2.42477787925                   1.1553719 
 2455584.69877 -0.427639828454                   0.9543234 
   2455752.132   16.2551678184                   0.9860035 
 2455753.12237   10.3551571208                   0.4744581 
 2455786.06164  -11.0134948356                   0.6267807 
 2455841.97326  -2.18913765036                   1.1053255 
 2455870.92818   9.36140687311                   1.1541684 
 2455904.82221  0.379841301157                   1.1073861 
 2455944.69463   6.26525603307                   0.5376235 
 2455972.71918  -12.4876677251                   1.0743613 
 2456080.13004   2.51951477895                   1.0626886 
 2456098.13571  -4.74605167778                   1.0907652 
 2456100.11289  -8.57948902496                   1.2081242 
 2456112.13453  -14.2956779079                   1.0437447 
 2456202.98148  -1.48885796115                   1.1075245 
 2456318.70408   5.19547724499                   0.9767811 
 2456474.13272  -8.87592685497                    1.035032 
  2456519.1108  0.705328641601                   0.9300107 
 2456584.90742  0.712948359872                   1.0230947 
 2456640.84654    1.2003599247                   1.0587262 
