\STAR_ID='HD 19373'
\DATA_CATEGORY='Planet Radial Velocity Curve'
\NUMBER_OF_POINTS='74'
\TIME_REFERENCE_FRAME='HJD'
\MINIMUM_DATE='2453240.03661'
\DATE_UNITS='days'
\MAXIMUM_DATE='2456892.14521'
\MINIMUM_VALUE='-9.04674232298'
\VALUE_UNITS='m/s'
\MAXIMUM_VALUE='5.48242785916'
\REFERENCE='Howard & Fulton, 2016'
\BIBCODE='2016arXiv160603134H'
\TELESCOPE='10m Keck I'
\INSTRUMENT='j: post-upgrade Keck HIRES (after August 19 2004)'
\WAVELENGTH_CALIBRATION_TECHNIQUE='Iodine'
\OBSERVATORY_SITE='Mauna Kea, Hawaii'
\COLUMN_RADIAL_VELOCITY='Relative radial velocity'
\COLUMN_RADIAL_VELOCITY_UNCERTAINTY='Uncertainty in RADIAL_VELOCITY'
|          HJD| Radial_Velocity|Radial_Velocity_Uncertainty|
|       double|          double|                     double|
|         days|           m / s|                      m / s|
|         null|            null|                       null|
 2453240.03661   -4.17000695412                   1.2100463 
 2453302.99507    2.11281193654                   1.4015675 
 2453338.83514   -2.93774483843                   0.7452686 
 2453369.78628   -5.86379319236                   0.7233102 
 2453723.86179   -1.69030934303                   0.5656813 
 2453746.82054    1.68196927266                    0.542146 
 2453747.84873    2.66398120263                   0.7156091 
 2453748.90311  0.0120258173061                   0.7376405 
 2453749.74966   0.273347066679                     0.52648 
 2453750.74746    4.10167715277                   0.5228725 
  2453751.7334   -1.92706580163                    0.523881 
 2453752.78776  -0.554735631132                   0.5155147 
 2453753.76728   -2.01944102428                   0.4994277 
 2453775.78033    5.48242785916                   0.7116731 
 2453776.81963   -4.50281360054                   0.6725649 
 2453777.80007   0.117898545117                   0.7602317 
 2453778.79225   -2.10252338876                   0.7383024 
 2453779.81787  -0.866866610332                   0.7555158 
 2453926.10878  -0.421990535986                    0.659828 
 2453927.12332    -1.7207843654                   1.2080677 
 2453928.12094   -2.92379504464                   0.7244447 
 2453933.10755   -1.62184632298                   0.8380936 
 2453963.10889   -0.24637754951                   0.8787861 
 2453982.02164   0.668873119678                   0.6414797 
 2453983.07926   -3.46045286221                   0.5349172 
 2453983.99897   -5.80763307839                   0.6585355 
 2453984.99671  -0.331467058648                    0.484818 
 2454083.88852   0.731788073811                   0.6011102 
 2454085.87107   0.443447524172                   0.7954928 
 2454129.90931   0.528195414105                   0.7924375 
 2454130.70106   -2.68862900649                   0.7392891 
 2454131.85984  -0.362548002221                    0.860174 
 2454138.82376    1.03220604802                   0.7201232 
 2454399.00286   -3.56759000413                   1.3246689 
 2454718.03549   -6.81048534077                    1.392694 
 2454723.07963   -2.99514185824                   1.3644956 
 2454724.14964   -0.68648633598                   0.7229735 
 2454725.08624  -0.355959225461                   1.2990388 
 2455076.14898  -0.132118001028                   1.1422639 
 2455077.14638   -1.96021028593                   1.1432145 
 2455078.14789   -2.47313721031                     1.21439 
 2455081.06993 -0.0480533616291                   1.2760776 
 2455083.14848   -7.71103424809                   1.1376091 
 2455085.02674   -2.94126236635                   1.1951051 
 2455110.04802   -4.04882454811                   1.5843961 
 2455112.15264   0.520661523664                   1.4331517 
 2455196.87643    1.08873125577                   1.5035347 
 2455411.13853   -4.82663995371                   0.6470357 
 2455412.12401   -7.22346756869                   0.8573806 
 2455428.04134    -4.4211833451                   1.1852807 
 2455434.00941   -8.21140549695                   1.1880949 
 2455470.97994   -1.88120598112                   0.3062252 
 2455633.71458   -4.62838612751                    1.415653 
   2455634.712   -2.25969601362                   1.4105232 
  2455636.7137   -5.33821071339                   1.3897907 
 2455790.12171   -1.04704703792                   1.2241768 
 2455792.14316   0.368875081127                   0.7055493 
 2455796.14467    1.32426852701                   1.2730027 
 2455797.14679  -0.191404469901                   1.2491318 
 2455807.14542   0.250977363272                   0.7530574 
 2455809.15251   -3.91710307127                   1.2971874 
 2455810.15475   -3.32438424712                   1.1978613 
 2455811.15091    4.46672043094                   1.2192076 
 2455812.14989   -8.71669337742                   1.2038288 
 2455815.15205  -0.525175511755                    1.280672 
 2455852.16084    -3.9498307897                   1.5169766 
  2456149.1427   -1.06422630066                   0.6913276 
 2456173.15687   -5.39299138917                   1.4304254 
 2456196.15893   -8.96355228757                   1.4892312 
 2456202.95066   -4.16855713372                   1.4795407 
 2456208.15645  -0.860967395397                   1.4787194 
 2456535.14408   -9.04674232298                   1.2113116 
 2456584.89188   -2.68137785703                   1.6923567 
 2456892.14521   -3.75417304597                      1.2673 
