\STAR_ID='HD 32923'
\DATA_CATEGORY='Planet Radial Velocity Curve'
\NUMBER_OF_POINTS='55'
\TIME_REFERENCE_FRAME='HJD'
\MINIMUM_DATE='2453982.05003'
\DATE_UNITS='days'
\MAXIMUM_DATE='2456524.14562'
\MINIMUM_VALUE='-18.0172584929'
\VALUE_UNITS='m/s'
\MAXIMUM_VALUE='10.3847360735'
\REFERENCE='Howard & Fulton, 2016'
\BIBCODE='2016arXiv160603134H'
\TELESCOPE='10m Keck I'
\INSTRUMENT='j: post-upgrade Keck HIRES (after August 19 2004)'
\WAVELENGTH_CALIBRATION_TECHNIQUE='Iodine'
\OBSERVATORY_SITE='Mauna Kea, Hawaii'
\COLUMN_RADIAL_VELOCITY='Relative radial velocity'
\COLUMN_RADIAL_VELOCITY_UNCERTAINTY='Uncertainty in RADIAL_VELOCITY'
|          HJD|Radial_Velocity|Radial_Velocity_Uncertainty|
|       double|         double|                     double|
|         days|          m / s|                      m / s|
|         null|           null|                       null|
 2453982.05003  -18.0172584929                    0.709112 
 2454084.05514  -8.51289039915                   0.9254942 
 2454129.83982  -5.96272515778                   0.9152257 
   2454130.896   0.52085876967                   0.8992442 
  2454131.7539  -1.60196788423                   0.9738997 
 2454138.90348 -0.490300499242                   0.9249489 
 2454344.14006  -12.0121346571                   1.3213714 
 2454398.06505 -0.059353205814                    1.645825 
 2454725.12243  -5.59737385778                   1.3763332 
 2454728.14875  -5.70489607195                   1.2690459 
 2454806.91541  -1.79287347886                   1.7136545 
 2454810.89229  -8.65938099675                   1.7307092 
 2454864.97115   3.10199254605                   1.6073662 
 2454928.73674   2.17248133112                   1.8775994 
 2454934.71801   7.08058829239                     1.58465 
 2455076.12553  -10.5940702277                   1.3301976 
  2455077.1198  -7.42829090804                   1.3712088 
 2455078.12944  -7.59083561422                   1.2201455 
 2455079.13549  -11.2093528037                   1.3258942 
 2455080.14169  -4.29569709671                   1.4629934 
 2455081.14128  -5.62352343549                   1.5067012 
 2455082.12524  -6.92384475477                   1.4866699 
 2455083.12713  -3.50681688028                   1.3405604 
 2455084.12664   2.04841570533                   1.4403893 
 2455085.09477  -3.46717182484                   1.3108912 
 2455110.99399  -7.53903124362                   1.7324188 
 2455284.75968    8.1826637265                   1.6643293 
  2455285.7106   6.69005830654                   1.6300167 
 2455289.79518  0.958219063265                   1.5692352 
  2455311.7169   -1.0150721887                   1.8573364 
 2455312.71571   5.59870337029                   1.8753216 
 2455313.71819   2.19486571779                   1.8705943 
 2455314.71804  0.880746351597                   1.8065594 
  2455320.7197   10.3847360735                   1.7511178 
 2455321.72071   7.32308727281                   1.7067226 
 2455433.14114   3.69337578776                   1.4787629 
 2455434.11919  -7.49899844547                   1.2945396 
 2455472.01828  -8.75818557064                   1.5393431 
 2455526.93396  -1.39610107461                   1.7324282 
 2455793.14267  -1.05776003382                    1.462963 
 2455794.14336  -2.19825381237                   1.3324362 
  2455796.1399  -2.67393643126                   1.4187504 
 2455797.14156  -1.66527469924                   1.5276932 
 2455798.14655  -6.46445070166                    1.531206 
 2455799.14591   1.15164570617                     1.45304 
 2455807.13967  -7.28699620416                   1.6026411 
 2455809.14166   4.45031529915                   1.4047865 
 2455810.14157  -2.69223029513                   1.4826393 
 2455811.14509   9.75147578474                   1.2768586 
 2455812.14197   3.23715328755                    1.370443 
 2455815.14764    0.8899022174                   1.4932792 
 2456019.71423   7.35038283163                    1.697101 
 2456168.13607   6.24700771411                   1.5554321 
 2456209.06991   4.37014654735                   1.7548851 
 2456524.14562    3.7701253603                   1.5157923 
