\STAR_ID='HD 182572'
\DATA_CATEGORY='Planet Radial Velocity Curve'
\NUMBER_OF_POINTS='49'
\TIME_REFERENCE_FRAME='HJD'
\MINIMUM_DATE='2450366.74333'
\DATE_UNITS='days'
\MAXIMUM_DATE='2453154.0628'
\MINIMUM_VALUE='-11.4347512953'
\VALUE_UNITS='m/s'
\MAXIMUM_VALUE='10.7063314684'
\REFERENCE='Howard & Fulton, 2016'
\BIBCODE='2016arXiv160603134H'
\TELESCOPE='10m Keck I'
\INSTRUMENT='k: pre-upgrade Keck HIRES (on or before August 19 2004)'
\WAVELENGTH_CALIBRATION_TECHNIQUE='Iodine'
\OBSERVATORY_SITE='Mauna Kea, Hawaii'
\COLUMN_RADIAL_VELOCITY='Relative radial velocity'
\COLUMN_RADIAL_VELOCITY_UNCERTAINTY='Uncertainty in RADIAL_VELOCITY'
|          HJD|Radial_Velocity|Radial_Velocity_Uncertainty|
|       double|         double|                     double|
|         days|          m / s|                      m / s|
|         null|           null|                       null|
 2450366.74333   1.55385801868                   1.0181243 
 2450603.03236   9.17790434437                   0.8077143 
  2450665.9205   6.81215117054                   1.0015334 
 2450688.94858   6.00660917835                   0.9387186 
  2450689.9772  -1.59021546765                   0.8971481 
 2450713.74042 0.0801946886034                   0.8622302 
 2450714.77473  -0.22931458874                    0.946534 
 2450715.92372   3.62020323353                   1.2261401 
 2450955.11857 -0.859304212764                   0.9042033 
 2450984.04344   5.18551085071                   1.1250999 
 2451009.87231   -1.9186837904                   1.0235617 
 2451010.88653    3.5157415636                   0.8746089 
 2451011.88407   1.67009184437                   0.9850566 
 2451013.94246 -0.379827284053                   1.0262811 
 2451042.97248  -2.19815614147                    0.903823 
 2451043.97781  -5.30293824597                   0.9484228 
 2451050.84669   5.55754301624                   0.9421213 
 2451068.77272   4.57313749866                   0.8925026 
 2451069.83404  -5.92078950329                   0.9996997 
 2451070.84684 -0.283468031123                   0.9493595 
 2451071.81733  -2.91435029431                   0.8664064 
 2451072.80787  -5.72038819714                   1.0076597 
 2451074.78867   1.36773893909                    1.003121 
 2451075.82064   10.5715811022                   1.3217735 
 2451342.02274    7.7183172472                   1.1566992 
 2451367.90246   0.15560362415                   1.1482961 
 2451368.85473  -3.13525178356                   1.0961432 
 2451370.01374 -0.698003553584                   0.9681249 
 2451370.93395  -2.07626893444                   0.9723812 
 2451372.02515   3.58749601917                   0.9608566 
 2451373.02286   2.61372587757                   0.9594865 
 2451373.81858   6.18776915149                   1.2047873 
 2451410.86455  -11.4347512953                   1.2476536 
 2451679.08671   4.12863371448                   1.0472932 
 2451680.11892 -0.465558790401                   1.0803641 
 2451703.05892   10.7063314684                   0.9701745 
 2451704.00072   5.01109526233                   1.0483816 
  2451705.0511   3.07631132679                   1.1502038 
 2451705.98042   3.30529234485                   0.9967328 
 2451707.08843 -0.451947950557                   1.0003662 
 2452096.93771   5.09677336292                    1.140152 
   2452162.867   3.26354429798                   1.1204184 
 2452391.13429  -0.45351960583                   1.0944942 
 2452488.91432   4.27196714954                   1.3709077 
 2452573.73402   3.35738585071                   1.1973987 
 2452713.13712   1.01897642688                   1.2472298 
 2452806.06403   4.57953856067                   1.1520123 
 2452833.93809   1.07255766468                   1.2781392 
  2453154.0628  -1.30537202282                   1.0831906 
