\STAR_ID                                  = "mu Arae"
\DATA_CATEGORY                            = "Planet Radial Velocity Curve"
\NUMBER_OF_POINTS                         = "86"
\TIME_REFERENCE_FRAME                     = "JD"
\MINIMUM_DATE                             = "2452906.51936"
\DATE_UNITS                               = "days"
\MAXIMUM_DATE                             = "2453886.76366"
\MINIMUM_VALUE                            = "-9405.30"
\VALUE_UNITS                              = "m/s"
\MAXIMUM_VALUE                            = "-9290.90"
\REFERENCE                                = "Pepe et al. 2007 (A&A, 462, 769)"
\BIBCODE                                  = "2007A&A...462..769P"
\TELESCOPE                                = "3.6m"
\INSTRUMENT                               = "HARPS"
\WAVELENGTH_CALIBRATION_TECHNIQUE         = "Thorium Argon"
\OBSERVATORY_SITE                         = "ESO La Silla, Chile"
\COLUMN_JD                                = "Julian date of observation"
\COLUMN_RADIAL_VELOCITY                   = "Radial velocity relative to barycenter"
\COLUMN_RADIAL_VELOCITY_UNCERTAINTY       = "Uncertainty in RADIAL_VELOCITY"
|            JD | Radial_Velocity | Radial_Velocity_Uncertainty |
|        double |          double |                      double |
|          days |             m/s |                         m/s |
  2452906.51936          -9290.90                          0.84
  2453160.72599          -9339.80                          0.50
  2453161.72780          -9342.80                          0.50
  2453162.72601          -9344.80                          0.50
  2453163.72588          -9347.70                          0.50
  2453164.72576          -9348.20                          0.50
  2453165.68275          -9345.50                          0.50
  2453166.78196          -9342.70                          0.50
  2453167.72693          -9342.10                          0.50
  2453201.61987          -9361.10                          0.85
  2453202.64137          -9359.80                          0.85
  2453203.61075          -9361.90                          0.85
  2453204.63545          -9356.30                          0.85
  2453205.56147          -9354.20                          0.85
  2453206.63707          -9355.60                          0.84
  2453207.66322          -9354.20                          0.85
  2453216.79388          -9359.80                          0.85
  2453217.60908          -9363.00                          0.85
  2453218.56732          -9363.90                          0.84
  2453219.67984          -9364.70                          0.91
  2453229.49489          -9368.30                          0.84
  2453230.57363          -9373.80                          0.83
  2453232.49288          -9370.70                          0.86
  2453234.66632          -9367.60                          0.89
  2453237.49386          -9368.80                          0.86
  2453264.52049          -9382.60                          0.88
  2453265.50482          -9381.10                          0.88
  2453266.49340          -9380.10                          0.89
  2453267.50962          -9384.40                          0.88
  2453268.51030          -9387.70                          0.88
  2453269.51171          -9385.30                          0.90
  2453271.48362          -9386.20                          0.89
  2453272.48518          -9385.50                          0.88
  2453273.48732          -9385.20                          0.88
  2453274.52460          -9383.80                          0.84
  2453297.52223          -9392.60                          0.86
  2453298.50560          -9393.50                          0.85
  2453307.50815          -9397.60                          0.84
  2453308.49826          -9398.90                          0.84
  2453309.50581          -9396.90                          0.85
  2453310.52537          -9394.10                          0.85
  2453311.51144          -9395.10                          0.84
  2453312.52384          -9392.00                          0.85
  2453315.50462          -9393.10                          0.85
  2453400.88939          -9365.10                          1.00
  2453404.89478          -9367.60                          0.92
  2453410.89394          -9358.40                          0.90
  2453428.86141          -9348.70                          0.84
  2453466.78683          -9336.30                          0.87
  2453467.84365          -9336.70                          0.85
  2453470.82430          -9336.80                          0.85
  2453489.88910          -9330.10                          0.93
  2453490.85565          -9332.50                          0.92
  2453491.84209          -9333.90                          0.89
  2453492.82606          -9330.40                          0.89
  2453511.85243          -9328.10                          0.85
  2453515.78177          -9326.50                          0.90
  2453517.79817          -9326.10                          0.89
  2453520.80548          -9326.50                          0.92
  2453542.68983          -9322.60                          0.86
  2453543.70021          -9321.30                          0.89
  2453544.76392          -9322.80                          0.88
  2453545.77313          -9323.10                          1.01
  2453546.76437          -9322.00                          0.88
  2453547.67799          -9327.00                          0.89
  2453550.67900          -9327.10                          0.91
  2453551.67212          -9322.30                          0.96
  2453573.65657          -9320.30                          0.91
  2453576.61243          -9324.40                          0.91
  2453606.63942          -9328.20                          0.88
  2453608.57512          -9330.40                          0.87
  2453668.48502          -9330.90                          0.86
  2453670.54485          -9329.70                          0.87
  2453671.52852          -9333.20                          0.87
  2453672.53005          -9335.30                          0.86
  2453673.54838          -9338.50                          0.87
  2453809.91489          -9367.60                          0.87
  2453813.91743          -9366.20                          0.91
  2453829.88048          -9378.70                          0.84
  2453831.91068          -9373.00                          0.84
  2453834.90788          -9374.70                          0.84
  2453836.90174          -9380.90                          0.84
  2453862.80026          -9387.60                          0.86
  2453865.79772          -9393.60                          0.86
  2453869.81768          -9392.80                          0.85
  2453886.76366          -9405.30                          0.87
