\STAR_ID='HD 69897'
\DATA_CATEGORY='Planet Radial Velocity Curve'
\NUMBER_OF_POINTS='46'
\TIME_REFERENCE_FRAME='HJD'
\MINIMUM_DATE='2449676.0522'
\DATE_UNITS='days'
\MAXIMUM_DATE='2454847.88526'
\MINIMUM_VALUE='-25.0400009'
\VALUE_UNITS='m/s'
\MAXIMUM_VALUE='21.0300007'
\REFERENCE='Howard & Fulton, 2016'
\BIBCODE='2016arXiv160603134H'
\TELESCOPE='3.0m Shane'
\INSTRUMENT='l: Hamilton Spectrograph post-dewar 16 (after November 1994)'
\WAVELENGTH_CALIBRATION_TECHNIQUE='Iodine'
\OBSERVATORY_SITE='Lick Observatory, California'
\COLUMN_RADIAL_VELOCITY='Relative radial velocity'
\COLUMN_RADIAL_VELOCITY_UNCERTAINTY='Uncertainty in RADIAL_VELOCITY'
|          HJD|Radial_Velocity|Radial_Velocity_Uncertainty|
|       double|         double|                     double|
|         days|          m / s|                      m / s|
|         null|           null|                       null|
  2449676.0522       6.7800002                        7.98 
 2449680.94922           -0.12                   3.5799997 
 2449766.80144      11.3800001                   4.6199999 
 2449767.73731            0.62                   4.2199998 
 2449768.80859             2.3                   4.9400001 
 2449793.78906       8.5299997                         3.3 
 2449802.67777            8.25                   3.2899997 
     2450014.0      19.6399994                   6.9400001 
 2450032.01517            2.71                        3.23 
 2450046.99687      14.3999996                   3.0700002 
 2450087.86621           -3.05                   3.5999999 
 2450090.88379            6.52                   3.2499998 
 2450120.82568            3.45                   3.3199999 
 2450437.91797       4.9099998                   3.5000002 
 2450503.74121     -11.0699997                   3.8099997 
 2451133.01953      -5.3499999                   5.5100002 
 2453033.82422      -3.5799999                   4.3600001 
 2453048.80058       7.6100001                   3.6500001 
 2453068.73828      21.0300007                   3.9300003 
 2453108.68359       4.0799999                   3.9100001 
 2453118.68268       2.8099999                   2.9000001 
 2453337.90039       7.0999999                   3.9100001 
 2453338.93848       5.2199998                        4.71 
 2453360.91784      -8.9200001                   3.8599999 
 2453362.88556      -7.0900002                         3.8 
 2453363.88256      -5.5500002                   3.6900001 
 2453384.83293       9.6199999                   2.6500001 
  2453387.8108      12.1800003                        2.76 
 2453388.79918      -4.8800001                   3.1600001 
 2453390.89503     -16.8700008                   3.0700002 
 2453402.85197       8.4200001                   3.1099999 
 2453437.74866      12.7600002                         3.2 
 2453441.76393       9.0200005                   3.1099999 
 2453744.80008      -8.6599998                        3.47 
 2453752.85554       3.3800001                        3.53 
  2453755.8608     -21.2099991                   3.6099999 
 2453756.82534     -10.3400002                   3.3999999 
  2453843.8201            4.25                   4.5900002 
 2454050.07652     -25.0400009                   3.8499999 
  2454072.9878       4.0799999                        3.51 
 2454073.94777      -5.5900002                   3.4900002 
 2454426.01047           -3.99                   2.9200001 
 2454427.99447      -3.1099999                   3.3199999 
  2454578.6829            0.99                        3.79 
 2454783.96248      -4.8200002                   3.9300003 
 2454847.88526       4.8099999                   3.0700002 
