\STAR_ID='HD 84117'
\DATA_CATEGORY='Planet Radial Velocity Curve'
\NUMBER_OF_POINTS='44'
\TIME_REFERENCE_FRAME='HJD'
\MINIMUM_DATE='2453339.06221'
\DATE_UNITS='days'
\MAXIMUM_DATE='2456709.94578'
\MINIMUM_VALUE='-10.8665929097'
\VALUE_UNITS='m/s'
\MAXIMUM_VALUE='4.11736750853'
\REFERENCE='Howard & Fulton, 2016'
\BIBCODE='2016arXiv160603134H'
\TELESCOPE='10m Keck I'
\INSTRUMENT='j: post-upgrade Keck HIRES (after August 19 2004)'
\WAVELENGTH_CALIBRATION_TECHNIQUE='Iodine'
\OBSERVATORY_SITE='Mauna Kea, Hawaii'
\COLUMN_RADIAL_VELOCITY='Relative radial velocity'
\COLUMN_RADIAL_VELOCITY_UNCERTAINTY='Uncertainty in RADIAL_VELOCITY'
|          HJD|Radial_Velocity|Radial_Velocity_Uncertainty|
|       double|         double|                     double|
|         days|          m / s|                      m / s|
|         null|           null|                       null|
 2453339.06221   3.61004769057                   1.4270177 
 2453340.11937   4.11736750853                   1.3410133 
 2453397.93294  -3.54386014015                   1.5084541 
  2453480.7558  -10.4582108334                   1.5170773 
 2453746.95973  -6.37681896846                   0.7729958 
 2454084.09178  0.250613534947                   0.8247356 
 2454139.01459   3.48409241336                   0.9968388 
 2454246.78676  -3.42520718052                   1.0446324 
 2454248.79586  -1.96417838083                   1.0363137 
 2454250.79057  -3.76811735135                   1.8434824 
 2454251.79393  -1.30533126376                   1.6765659 
 2454255.73239  0.440858164174                   0.8466589 
 2454810.16604    2.6185016668                   1.6691234 
  2454865.0777  0.226419672448                   1.9051913 
 2454867.97236   1.97640648037                   2.1275668 
 2454929.80883  -3.40829301886                   2.0377815 
 2454963.83999  -10.8665929097                    1.668855 
 2454983.77152   3.25946622458                   1.6970863 
 2454985.77137  -5.39958177313                   1.7628207 
 2454987.76035   -3.7268589409                   1.7820231 
 2455135.15418  -4.23407875156                   1.5596273 
 2455194.18477 -0.786466862651                   0.3463708 
 2455311.82211  -1.05216200555                   1.8376441 
 2455312.78568  0.080257753389                   1.5933729 
 2455313.82125  -4.87723089901                   1.7696216 
 2455314.75399  -7.14421958401                    1.758122 
 2455319.76677  -5.17173346174                   1.8452191 
 2455320.77887  -3.87766343281                   1.6255995 
 2455321.76506  -4.40225933252                   1.5827818 
 2455342.78335   3.66012203132                   0.9377912 
 2455343.75546   1.38858878912                   0.9415132 
 2455344.75896  -4.26683494386                   0.9575963 
 2455557.03715   2.01578632497                    1.701992 
 2455559.07588  -5.35719305315                   1.2696058 
  2455871.1149  -8.71467404763                   2.0527761 
 2455880.16446   1.53537667148                   1.7848374 
  2455903.1718  0.535997164929                   1.7106752 
 2455996.92749  -9.43084214462                   2.2551637 
 2456075.73312   1.91700887431                   1.6528738 
 2456076.73363   2.33849167607                   1.7033061 
 2456318.92874  -6.92290500694                   1.8463368 
  2456638.0556 -0.424222493411                    1.702728 
 2456641.18169  -3.92533773337                   1.6156994 
 2456709.94578   3.46892619893                   1.9457189 
