\STAR_ID                                  = "HD 69830"
\DATA_CATEGORY                            = "Planet Radial Velocity Curve"
\NUMBER_OF_POINTS                         = "74"
\TIME_REFERENCE_FRAME                     = "BJD"
\MINIMUM_DATE                             = "2452939.87402"
\DATE_UNITS                               = "days"
\MAXIMUM_DATE                             = "2453765.66138"
\MINIMUM_VALUE                            = "30281.37"
\VALUE_UNITS                              = "m/s"
\MAXIMUM_VALUE                            = "30296.95"
\REFERENCE                                = "Lovis et al. 2006 (Nature, 441, 305)"
\BIBCODE                                  = "2006Natur.441..305L"
\TELESCOPE                                = "3.6m"
\INSTRUMENT                               = "HARPS"
\WAVELENGTH_CALIBRATION_TECHNIQUE         = "Thorium Argon"
\OBSERVATORY_SITE                         = "ESO La Silla, Chile"
\COLUMN_RADIAL_VELOCITY                   = "Radial velocity relative to barycenter"
\COLUMN_RADIAL_VELOCITY_UNCERTAINTY       = "Uncertainty in RADIAL_VELOCITY"
|           BJD | Radial_Velocity | Radial_Velocity_Uncertainty |
|        double |          double |                      double |
|          days |             m/s |                         m/s |
  2452939.87402          30287.81                          1.15
  2452943.87609          30291.79                          1.23
  2452946.86307          30289.26                          1.27
  2452997.80895          30287.20                          1.59
  2453000.71115          30289.74                          1.57
  2453035.77971          30292.98                          1.29
  2453038.69944          30296.17                          1.34
  2453049.62985          30289.03                          1.28
  2453058.63752          30289.68                          1.33
  2453064.60800          30296.95                          1.32
  2453066.62804          30290.66                          1.32
  2453146.50394          30284.05                          0.90
  2453147.46529          30281.60                          0.94
  2453150.45996          30288.75                          0.87
  2453151.45971          30284.47                          0.97
  2453156.51938          30286.13                          0.88
  2453158.47877          30290.58                          1.04
  2453159.47184          30292.78                          0.89
  2453308.84869          30283.75                          0.81
  2453309.85332          30282.43                          0.81
  2453310.83434          30283.35                          0.79
  2453315.78477          30291.16                          0.76
  2453336.87629          30281.37                          0.81
  2453338.87107          30284.24                          0.81
  2453339.87254          30286.35                          0.81
  2453340.87312          30288.41                          0.78
  2453341.87665          30287.99                          0.77
  2453366.80298          30291.59                          0.78
  2453400.70923          30290.64                          0.84
  2453401.69711          30293.22                          0.79
  2453402.70331          30291.59                          0.77
  2453403.73189          30289.70                          0.77
  2453404.67757          30287.03                          0.77
  2453405.78064          30286.13                          0.77
  2453406.72194          30285.93                          0.77
  2453407.68257          30286.86                          0.80
  2453408.64555          30289.39                          0.80
  2453409.74200          30293.83                          0.79
  2453410.66784          30295.11                          0.78
  2453411.65792          30295.46                          0.78
  2453412.69922          30292.41                          0.78
  2453466.61874          30284.63                          0.76
  2453467.52463          30284.62                          0.76
  2453491.48464          30286.45                          0.77
  2453669.86743          30295.52                          0.72
  2453670.82353          30296.73                          0.73
  2453671.84494          30294.06                          0.72
  2453672.85328          30292.00                          0.72
  2453674.87601          30288.27                          0.73
  2453675.84854          30288.42                          0.72
  2453692.84983          30285.26                          0.78
  2453693.82671          30286.36                          0.76
  2453694.84026          30289.82                          0.77
  2453695.82962          30293.44                          0.77
  2453696.81421          30292.93                          0.76
  2453697.84387          30294.02                          0.78
  2453698.80396          30290.85                          0.77
  2453699.83331          30286.83                          0.76
  2453700.86520          30287.78                          0.76
  2453724.85600          30287.08                          0.76
  2453725.80468          30284.65                          0.76
  2453726.84842          30285.43                          0.77
  2453727.76439          30285.65                          0.76
  2453728.74394          30286.71                          0.76
  2453729.86299          30291.18                          0.77
  2453757.64114          30291.13                          0.77
  2453758.69285          30291.53                          0.76
  2453759.64827          30288.79                          0.76
  2453760.65734          30287.68                          0.76
  2453761.71283          30287.08                          0.77
  2453762.66570          30287.92                          0.77
  2453763.70266          30292.09                          0.77
  2453764.73236          30293.47                          0.77
  2453765.66138          30294.93                          0.77
