\STAR_ID                                  = "HD 181433"
\DATA_CATEGORY                            = "Planet Radial Velocity Curve"
\NUMBER_OF_POINTS                         = "107"
\TIME_REFERENCE_FRAME                     = "JD"
\MINIMUM_DATE                             = "2452797.865442"
\DATE_UNITS                               = "days"
\MAXIMUM_DATE                             = "2454554.893271"
\MINIMUM_VALUE                            = "40189.21"
\VALUE_UNITS                              = "m/s"
\MAXIMUM_VALUE                            = "40237.33"
\REFERENCE                                = "Bouchy et al. 2009 (A&A, 496, 527)"
\BIBCODE                                  = "2009A&A...496..527B"
\TELESCOPE                                = "3.6m"
\INSTRUMENT                               = "HARPS"
\WAVELENGTH_CALIBRATION_TECHNIQUE         = "Thorium Argon"
\OBSERVATORY_SITE                         = "ESO La Silla, Chile"
\COLUMN_JD                                = "Julian date of observation"
\COLUMN_RADIAL_VELOCITY                   = "Radial velocity relative to barycenter"
\COLUMN_RADIAL_VELOCITY_UNCERTAINTY       = "Uncertainty in RADIAL_VELOCITY"
|             JD | Radial_Velocity | Radial_Velocity_Uncertainty |
|         double |          double |                      double |
|           days |             m/s |                         m/s |
  2452797.865442          40199.17                          1.13
  2452802.859899          40202.27                          1.16
  2452804.840028          40202.79                          1.01
  2452809.870709          40203.56                          1.05
  2452811.787418          40205.68                          0.96
  2452942.566538          40209.41                          0.95
  2453153.854931          40223.63                          0.49
  2453202.696446          40227.36                          0.55
  2453204.674493          40229.64                          0.43
  2453217.711806          40226.16                          0.53
  2453229.652032          40223.52                          0.54
  2453230.685597          40227.88                          0.46
  2453232.643330          40228.38                          0.96
  2453237.730823          40225.71                          0.96
  2453265.562608          40221.58                          0.38
  2453266.546013          40219.76                          0.54
  2453267.557633          40219.73                          0.46
  2453268.575294          40223.26                          0.46
  2453269.579923          40227.19                          0.91
  2453271.545202          40225.63                          0.62
  2453272.552261          40224.76                          0.62
  2453273.566391          40221.64                          0.45
  2453274.546102          40223.85                          0.59
  2453340.525410          40207.89                          0.43
  2453465.899786          40199.26                          0.42
  2453466.891813          40199.59                          0.56
  2453468.868481          40199.31                          0.39
  2453484.876716          40198.20                          0.44
  2453491.869121          40192.23                          0.44
  2453492.857713          40195.87                          0.43
  2453511.864985          40195.63                          0.49
  2453542.716665          40195.42                          0.45
  2453543.722061          40196.82                          0.51
  2453544.774933          40196.64                          0.48
  2453545.821600          40197.70                          1.10
  2453547.750346          40189.37                          0.52
  2453549.820477          40197.47                          1.33
  2453550.694522          40197.80                          0.55
  2453551.725232          40196.85                          0.64
  2453572.780122          40197.67                          0.85
  2453575.703968          40190.47                          0.42
  2453576.679569          40191.32                          0.43
  2453577.758430          40194.46                          0.48
  2453578.732698          40194.45                          0.46
  2453604.656698          40189.21                          2.13
  2453606.679309          40194.13                          0.64
  2453607.631780          40195.76                          0.44
  2453608.676375          40196.39                          0.40
  2453609.609008          40196.39                          0.48
  2453668.533521          40193.96                          0.54
  2453670.587354          40192.20                          0.58
  2453671.572566          40196.66                          0.48
  2453672.586354          40196.78                          0.48
  2453673.595976          40195.81                          0.55
  2453674.558876          40196.46                          0.40
  2453675.599319          40194.88                          0.45
  2453694.504778          40195.02                          0.39
  2453810.900262          40196.08                          0.40
  2453813.894138          40200.44                          0.40
  2453815.901443          40199.49                          0.39
  2453833.913387          40199.76                          0.45
  2453835.914466          40198.88                          0.40
  2453861.839757          40201.99                          0.44
  2453863.852584          40201.93                          0.43
  2453865.852698          40199.48                          0.37
  2453867.874605          40199.43                          0.40
  2453870.822808          40203.81                          0.51
  2453882.850948          40203.14                          0.61
  2453883.835155          40202.14                          0.61
  2453886.867068          40201.97                          0.63
  2453887.816375          40203.19                          0.63
  2453917.810526          40209.29                          0.73
  2453919.799361          40209.36                          0.81
  2453921.741038          40208.84                          0.86
  2453944.671094          40206.52                          1.16
  2453950.704110          40204.81                          0.68
  2453976.583483          40211.90                          0.65
  2453980.631970          40213.03                          0.73
  2453981.663030          40214.11                          0.63
  2453982.661116          40214.70                          0.68
  2453983.625200          40216.27                          1.19
  2454049.513712          40221.02                          0.46
  2454051.537033          40221.51                          0.43
  2454053.529561          40219.23                          0.42
  2454199.887260          40237.11                          0.42
  2454254.827402          40237.33                          0.60
  2454255.754587          40236.37                          0.59
  2454291.795198          40234.48                          0.69
  2454296.780818          40227.32                          0.44
  2454314.735522          40229.37                          0.76
  2454316.591511          40224.32                          0.56
  2454320.778299          40231.17                          0.51
  2454342.655477          40227.35                          0.54
  2454343.724072          40223.88                          0.74
  2454344.705703          40223.01                          0.58
  2454345.684186          40225.46                          0.51
  2454346.715197          40228.61                          0.69
  2454348.680035          40227.24                          0.53
  2454349.619707          40228.40                          0.51
  2454350.633312          40227.74                          0.51
  2454388.584390          40223.88                          0.64
  2454389.587086          40225.53                          0.80
  2454391.566588          40223.16                          1.11
  2454392.547689          40220.00                          0.41
  2454393.568451          40222.14                          0.42
  2454394.571021          40224.04                          0.63
  2454554.893271          40212.65                          0.44
