\STAR_ID='HD 34411'
\DATA_CATEGORY='Planet Radial Velocity Curve'
\NUMBER_OF_POINTS='60'
\TIME_REFERENCE_FRAME='HJD'
\MINIMUM_DATE='2453302.05936'
\DATE_UNITS='days'
\MAXIMUM_DATE='2456535.13633'
\MINIMUM_VALUE='-5.75993415875'
\VALUE_UNITS='m/s'
\MAXIMUM_VALUE='7.17810352762'
\REFERENCE='Howard & Fulton, 2016'
\BIBCODE='2016arXiv160603134H'
\TELESCOPE='10m Keck I'
\INSTRUMENT='j: post-upgrade Keck HIRES (after August 19 2004)'
\WAVELENGTH_CALIBRATION_TECHNIQUE='Iodine'
\OBSERVATORY_SITE='Mauna Kea, Hawaii'
\COLUMN_RADIAL_VELOCITY='Relative radial velocity'
\COLUMN_RADIAL_VELOCITY_UNCERTAINTY='Uncertainty in RADIAL_VELOCITY'
|          HJD| Radial_Velocity|Radial_Velocity_Uncertainty|
|       double|          double|                     double|
|         days|           m / s|                      m / s|
|         null|            null|                       null|
 2453302.05936    5.32363939489                   1.2846072 
 2453339.02531    1.37727881139                   0.5408598 
 2453368.88477     2.5924713196                   0.6496596 
 2453369.81369    1.99644052344                    0.611335 
 2453425.85591  -0.525205992954                   0.6760072 
 2453692.98673   -2.96487271074                   0.5943103 
 2453693.08708    1.00031528977                   0.5984841 
 2453694.06257    -1.6534514777                   0.5775793 
 2453694.92095   -4.16867162117                    0.726652 
 2453695.00467   -5.75993415875                   0.5974894 
 2453695.96183   -4.48915235377                   0.6401983 
 2453697.00349   -4.14494459294                   0.4602768 
 2453724.86596   -0.26116491189                   0.4802759 
 2454084.90159   0.461504036727                   0.7221984 
  2454138.9713   -1.87514930745                   0.6835849 
 2454336.14477   -2.92224224233                   1.1792628 
 2454399.04579   -3.81994951722                   1.2328444 
 2454428.00439    2.06460804531                   0.6487627 
 2454428.89319    1.32371830754                   0.6963564 
 2454718.09948   -1.04722378902                   1.0429168 
 2454719.10716    2.18038762599                   1.1153897 
 2454720.10332   -3.05060601921                   1.1373688 
  2454721.1223    1.22805465174                   1.1201429 
 2454722.13389    2.30307906737                   1.1889338 
 2454723.14531    5.24782363751                   1.1788903 
 2454724.14721  -0.210980734386                    1.170203 
  2454725.0976    1.04872854248                   1.2340913 
 2454727.15129   0.064557909079                   0.9821728 
  2454728.1526     3.6240679866                   1.1112136 
  2454934.7456   0.047559345491                   1.3157119 
 2455074.14283   -1.32146455429                   1.1650898 
 2455077.14573   -1.10668116682                   1.1273402 
 2455078.14719   -3.33386737659                   1.1246957 
  2455079.0665   -1.55244424654                   1.1491241 
 2455081.11074    5.44448361671                   0.8586516 
 2455083.14788   -2.31721316398                   1.1370164 
 2455085.10493  -0.246527888482                   1.1467954 
 2455110.07525    1.44793158998                   1.5150783 
 2455134.06565 -0.0293982109041                   1.2968001 
  2455135.0631   -1.28465430025                   1.1109321 
 2455172.11326    4.36568462799                   1.5004486 
 2455198.92662   -1.51586353904                   0.7011441 
  2455321.7185    1.75929921098                   1.2323314 
 2455413.13241   -0.83468227682                   1.2628523 
 2455440.12483  -0.916616390557                   1.0821704 
 2455633.71431  -0.222863675691                   1.1350605 
 2455634.71215   -2.89995809984                   1.2202851 
 2455636.71457   -4.33411372687                   1.1713479 
 2455807.13195   -4.87780278525                   1.2772652 
 2455809.14821   -2.38483762113                   1.0196157 
 2455810.15009   0.167010367371                   1.2291189 
 2455811.14627    7.17810352762                    1.183292 
 2455812.14561  -0.215292359795                   1.0606611 
 2455815.14866    1.99330950701                   1.2783277 
 2455852.15727   -5.26332420547                   1.2404627 
 2456019.71593   0.194385203175                   1.2614609 
 2456164.14951   -1.75563892953                   1.3177691 
 2456208.15603   0.371668200219                   1.1609979 
 2456530.14184     1.4887151987                   1.1839271 
 2456535.13633    1.13716003714                   1.1461767 
