\STAR_ID                                  = "HD 40307"
\DATA_CATEGORY                            = "Planet Radial Velocity Curve"
\NUMBER_OF_POINTS                         = "129"
\TIME_REFERENCE_FRAME                     = "BJD"
\MINIMUM_DATE                             = "2453692.733407"
\DATE_UNITS                               = "days"
\MAXIMUM_DATE                             = "2454570.474826"
\MINIMUM_VALUE                            = "31326.13"
\VALUE_UNITS                              = "m/s"
\MAXIMUM_VALUE                            = "31338.72"
\REFERENCE                                = "Mayor et al. 2009 (A&A, 493, 639)"
\BIBCODE                                  = "2009A&A...493..639M"
\TELESCOPE                                = "3.6m"
\INSTRUMENT                               = "HARPS"
\WAVELENGTH_CALIBRATION_TECHNIQUE         = "Thorium Argon"
\OBSERVATORY_SITE                         = "ESO La Silla, Chile"
\COLUMN_RADIAL_VELOCITY                   = "Radial velocity relative to barycenter"
\COLUMN_RADIAL_VELOCITY_UNCERTAINTY       = "Uncertainty in RADIAL_VELOCITY"
|            BJD | Radial_Velocity | Radial_Velocity_Uncertainty |
|         double |          double |                      double |
|           days |             m/s |                         m/s |
  2453692.733407          31334.09                          0.23
  2453693.637707          31334.23                          0.23
  2453694.729707          31335.48                          0.25
  2453695.699692          31336.91                          0.22
  2453696.707006          31335.94                          0.23
  2453697.732267          31331.47                          0.34
  2453698.736968          31329.45                          0.26
  2453699.736143          31329.85                          0.24
  2453700.768706          31329.56                          0.23
  2453721.744595          31332.15                          0.23
  2453722.743765          31333.30                          0.24
  2453724.706743          31331.07                          0.23
  2453725.714345          31332.66                          0.22
  2453726.710463          31331.57                          0.23
  2453727.689260          31328.48                          0.23
  2453728.766439          31326.13                          0.25
  2453729.755441          31330.15                          0.23
  2453757.591666          31330.07                          0.31
  2453758.576223          31326.71                          0.32
  2453759.585371          31329.09                          0.31
  2453760.666902          31332.00                          0.36
  2453761.603215          31331.81                          0.32
  2453762.593172          31330.57                          0.36
  2453763.594669          31328.46                          0.30
  2453764.616732          31330.35                          0.28
  2453765.602071          31328.59                          0.29
  2453782.559008          31335.18                          0.32
  2453784.586510          31326.61                          0.35
  2453786.611454          31328.05                          0.32
  2453788.600322          31327.28                          0.34
  2453790.591099          31334.20                          0.31
  2453810.583756          31331.90                          0.31
  2453811.584591          31334.31                          0.26
  2453812.558999          31335.13                          0.35
  2453814.601175          31328.84                          0.33
  2453817.593757          31335.08                          0.33
  2453829.520781          31334.14                          0.39
  2453831.517790          31330.80                          0.31
  2453835.520019          31331.76                          0.36
  2453861.461910          31333.33                          0.36
  2453862.467644          31329.16                          0.33
  2453863.462348          31328.71                          0.31
  2453864.456913          31331.57                          0.36
  2453865.455135          31328.87                          0.30
  2453866.456425          31328.88                          0.31
  2453867.474532          31330.83                          0.32
  2453868.454989          31334.05                          0.34
  2453869.456314          31333.02                          0.30
  2453870.454897          31329.56                          0.37
  2453871.455875          31328.94                          0.33
  2453882.465458          31333.44                          0.49
  2453974.922615          31333.11                          0.66
  2453980.912323          31335.87                          0.50
  2453981.922816          31335.04                          0.44
  2454047.804722          31328.16                          0.37
  2454049.800592          31333.96                          0.35
  2454051.815281          31331.44                          0.42
  2454053.825212          31331.35                          0.34
  2454055.830108          31328.27                          0.34
  2454077.737420          31329.74                          0.33
  2454079.706716          31338.72                          0.38
  2454081.714796          31333.97                          0.46
  2454083.763536          31336.20                          0.47
  2454115.615296          31328.07                          0.63
  2454120.678171          31332.77                          0.34
  2454121.643660          31332.18                          0.35
  2454136.611154          31333.80                          0.30
  2454137.602592          31332.06                          0.30
  2454141.608983          31330.81                          0.38
  2454143.560472          31333.68                          0.34
  2454167.543643          31333.65                          0.32
  2454169.517926          31330.17                          0.30
  2454171.538887          31327.30                          0.31
  2454173.543713          31329.13                          0.31
  2454194.500941          31329.46                          0.33
  2454196.500873          31336.07                          0.36
  2454197.496950          31331.65                          0.35
  2454198.509896          31327.57                          0.33
  2454199.497237          31329.72                          0.32
  2454200.485001          31332.41                          0.33
  2454202.496173          31331.76                          0.38
  2454225.488753          31336.83                          0.55
  2454228.482048          31330.56                          0.49
  2454229.484716          31330.38                          0.46
  2454231.464372          31332.53                          0.40
  2454232.473537          31330.55                          0.42
  2454233.460837          31331.56                          0.63
  2454234.490616          31333.11                          0.44
  2454315.888274          31326.48                          0.90
  2454319.908840          31330.90                          0.45
  2454342.874311          31333.13                          0.38
  2454346.909520          31336.77                          0.42
  2454347.889679          31337.22                          0.41
  2454349.877351          31335.24                          0.38
  2454385.793465          31334.87                          0.42
  2454386.749759          31336.04                          0.37
  2454387.789608          31335.48                          0.37
  2454390.797589          31335.92                          0.39
  2454392.735189          31329.53                          0.43
  2454393.768104          31332.34                          0.36
  2454394.760023          31334.59                          0.39
  2454419.794198          31328.67                          0.38
  2454420.767097          31329.01                          0.35
  2454421.726616          31327.36                          0.33
  2454422.741193          31326.82                          0.37
  2454423.768294          31330.32                          0.38
  2454424.741782          31335.30                          0.38
  2454425.736764          31335.28                          0.40
  2454426.716433          31333.52                          0.34
  2454427.746032          31336.07                          0.35
  2454428.755458          31337.78                          0.35
  2454429.729050          31336.15                          0.38
  2454445.733927          31337.52                          0.36
  2454451.760125          31334.27                          0.40
  2454454.770462          31336.60                          0.37
  2454478.665435          31327.14                          0.36
  2454479.622142          31326.70                          0.35
  2454480.585019          31330.05                          0.39
  2454481.688126          31328.96                          0.42
  2454483.593542          31333.66                          0.37
  2454484.627135          31335.49                          0.35
  2454486.587076          31332.68                          0.39
  2454529.541573          31333.99                          0.38
  2454555.491592          31332.44                          0.35
  2454556.483259          31330.45                          0.35
  2454557.485725          31331.90                          0.40
  2454562.479190          31332.41                          0.33
  2454566.476105          31331.05                          0.36
  2454570.474826          31337.24                          0.39
