\STAR_ID='HD 95128'
\DATA_CATEGORY='Planet Radial Velocity Curve'
\NUMBER_OF_POINTS='48'
\TIME_REFERENCE_FRAME='HJD'
\MINIMUM_DATE='2454930.00759'
\DATE_UNITS='days'
\MAXIMUM_DATE='2456853.732'
\MINIMUM_VALUE='-53.1117070972'
\VALUE_UNITS='m/s'
\MAXIMUM_VALUE='64.4915466717'
\REFERENCE='Howard & Fulton, 2016'
\BIBCODE='2016arXiv160603134H'
\TELESCOPE='10m Keck I'
\INSTRUMENT='j: post-upgrade Keck HIRES (after August 19 2004)'
\WAVELENGTH_CALIBRATION_TECHNIQUE='Iodine'
\OBSERVATORY_SITE='Mauna Kea, Hawaii'
\COLUMN_RADIAL_VELOCITY='Relative radial velocity'
\COLUMN_RADIAL_VELOCITY_UNCERTAINTY='Uncertainty in RADIAL_VELOCITY'
|          HJD|Radial_Velocity|Radial_Velocity_Uncertainty|
|       double|         double|                     double|
|         days|          m / s|                      m / s|
|         null|           null|                       null|
 2454930.00759   1.20385438614                   1.3775307 
 2454954.91084   2.33079805727                   1.2104788 
 2454963.85005    11.457966702                   1.3163959 
 2454983.83047   15.0339328696                   1.6069669 
 2454984.91911    11.542945242                   1.3995019 
 2454985.81437   14.2310050925                   1.3321818 
   2454986.849   13.3697019211                   1.2901807 
  2454987.8195   16.4835402894                   1.2503353 
 2454988.83399   15.5380959865                   1.1013151 
 2455014.74323   22.4675099329                   1.2592698 
 2455015.73751   23.9176120612                   1.2111044 
 2455016.79951   22.7139688005                    1.320474 
 2455134.15316   49.6931800965                   1.2343391 
 2455135.14672    55.556627311                   1.1787281 
 2455136.14159   50.0122639209                   0.9747649 
 2455164.14576   50.9199143073                   1.0912446 
 2455173.16558    52.224430471                   1.1406828 
 2455231.10002   64.4915466717                    1.304093 
  2455285.9444   56.9129983657                   1.2729728 
 2455289.98762   56.4171784145                    1.045498 
 2455314.82175   48.0797777085                   1.2955588 
 2455350.73381   39.2273972823                   1.1794846 
 2455378.73357   38.8347522624                   1.1224328 
 2455403.72972   30.0343769843                   1.3731898 
 2455522.16089   -3.0561997049                   0.6971201 
 2455545.17607   -11.411351933                   1.1126394 
  2455635.9906    -31.06884166                   0.7178381 
 2455722.74809  -53.1117070972                    1.372359 
 2455723.73839   -46.226640799                    1.352363 
 2455728.74118  -51.5785053626                   1.4297733 
 2455871.15222  -44.0600036164                   0.7648668 
 2455879.15861  -49.4900946222                   1.0935488 
 2455902.16663   -39.755756073                   0.6673198 
 2455904.16681  -39.3374404315                   0.6843587 
 2455973.18392  -24.5722621809                   1.4860959 
 2455994.96072  -14.6478343128                   0.7406462 
 2456027.96485  -6.86140947866                   1.2793957 
 2456114.74049   22.4746792313                    1.600399 
 2456319.03425   44.1569227256                   1.3298941 
 2456320.01585   44.9336816292                   1.2736362 
 2456489.74024   19.4300259465                   1.5990033 
 2456614.16511  -14.0597083959                   1.4221182 
 2456640.15135  -19.6100155373                   1.2582475 
 2456710.00645  -32.8175160442                   1.3204362 
 2456826.74491  -51.6428697213                   1.1423358 
  2456827.7405  -44.4243084824                   1.1302538 
 2456828.73762  -45.1434295891                   1.1948832 
   2456853.732  -43.2058148025                   1.5420661 
