\STAR_ID='HD 4614'
\DATA_CATEGORY='Planet Radial Velocity Curve'
\NUMBER_OF_POINTS='48'
\TIME_REFERENCE_FRAME='HJD'
\MINIMUM_DATE='2453301.90178'
\DATE_UNITS='days'
\MAXIMUM_DATE='2456865.14097'
\MINIMUM_VALUE='-33.059637708'
\VALUE_UNITS='m/s'
\MAXIMUM_VALUE='26.9731703181'
\REFERENCE='Howard & Fulton, 2016'
\BIBCODE='2016arXiv160603134H'
\TELESCOPE='10m Keck I'
\INSTRUMENT='j: post-upgrade Keck HIRES (after August 19 2004)'
\WAVELENGTH_CALIBRATION_TECHNIQUE='Iodine'
\OBSERVATORY_SITE='Mauna Kea, Hawaii'
\COLUMN_RADIAL_VELOCITY='Relative radial velocity'
\COLUMN_RADIAL_VELOCITY_UNCERTAINTY='Uncertainty in RADIAL_VELOCITY'
|          HJD| Radial_Velocity|Radial_Velocity_Uncertainty|
|       double|          double|                     double|
|         days|           m / s|                      m / s|
|         null|            null|                       null|
 2453301.90178    -33.059637708                   1.3963646 
 2454398.92365   -19.8538533322                   1.2872853 
 2454838.86508   -4.18589546227                   1.3173354 
 2454866.70689   -7.89625393379                   1.1349519 
 2454984.12168   -5.29945576392                   1.3440454 
 2454985.12086   -8.83888997295                   0.8137658 
 2454986.12169     -7.112361033                   0.7817437 
 2454988.10691   -9.92987176718                   1.3548542 
 2454989.10996   -9.19961897437                   1.3147519 
 2455015.10296   -3.07829896546                   1.1839887 
 2455016.09211     -6.568447052                   1.0370756 
  2455017.0951   -4.07708317181                   1.0773261 
 2455019.09731   -4.30897911251                   1.3475351 
 2455043.09544   -3.51416377727                   1.3271801 
 2455045.06228   -6.31217607197                   1.2248946 
 2455049.04948    -6.2042277853                   1.4499961 
 2455074.12117   -1.60262103513                    1.063126 
 2455075.14892   -6.96005978877                   1.0948738 
 2455076.14779   -6.87790281582                   1.1102278 
 2455077.14538    1.80044728992                   1.0246991 
 2455078.14703   -3.26785417844                    0.974564 
 2455079.04841   -7.33386236047                   1.0889379 
 2455080.03844   -5.49038887402                   1.0307975 
 2455081.05434   -6.54411897729                   1.1530261 
 2455082.14838    1.35725642923                   1.2284662 
 2455083.14813   -5.09545899533                   1.0648302 
 2455084.08518   -3.98551730802                   1.0236474 
 2455085.02634   -5.58348833825                   1.0402243 
 2455110.04322   -8.45467607614                   1.8074205 
 2455187.80322 -0.0341547241599                   1.1053177 
 2455396.13534   -1.15718426259                   1.3017852 
 2455402.13478  0.0635181119626                   1.4420195 
 2455405.13583   -3.00454834836                   1.3711908 
 2455471.98623  -0.535103260609                   1.0048609 
 2455545.67814    1.93618512947                   1.2480288 
 2455732.09653    5.28908131855                   0.6935455 
 2455770.09809    8.40132553219                   1.3169428 
 2455786.07217    5.40893157151                   0.7904779 
 2455944.69395    13.8914295013                   1.4347475 
 2456164.14092    17.1501155246                   1.3099631 
 2456174.05656    15.6078866796                   1.0151702 
 2456202.95436    11.3745991149                   1.5935506 
 2456318.73064    11.2584761782                   1.6232642 
 2456530.14737    17.9939041086                   1.2138679 
 2456531.14413    22.3151364805                   1.1968678 
 2456856.13741    26.9731703181                     1.26706 
 2456861.13514    23.9800468548                   1.3256207 
 2456865.14097    24.9535140657                   1.2802491 
