\STAR_ID='HD 10476'
\DATA_CATEGORY='Planet Radial Velocity Curve'
\NUMBER_OF_POINTS='65'
\TIME_REFERENCE_FRAME='HJD'
\MINIMUM_DATE='2450276.09205'
\DATE_UNITS='days'
\MAXIMUM_DATE='2453017.77306'
\MINIMUM_VALUE='-5.73499743325'
\VALUE_UNITS='m/s'
\MAXIMUM_VALUE='19.9639008822'
\REFERENCE='Howard & Fulton, 2016'
\BIBCODE='2016arXiv160603134H'
\TELESCOPE='10m Keck I'
\INSTRUMENT='k: pre-upgrade Keck HIRES (on or before August 19 2004)'
\WAVELENGTH_CALIBRATION_TECHNIQUE='Iodine'
\OBSERVATORY_SITE='Mauna Kea, Hawaii'
\COLUMN_RADIAL_VELOCITY='Relative radial velocity'
\COLUMN_RADIAL_VELOCITY_UNCERTAINTY='Uncertainty in RADIAL_VELOCITY'
|          HJD| Radial_Velocity|Radial_Velocity_Uncertainty|
|       double|          double|                     double|
|         days|           m / s|                      m / s|
|         null|            null|                       null|
 2450276.09205     10.510649615                   1.4282218 
 2450277.09839   -1.97333577595                    1.508473 
 2450367.00858    6.79193681354                    1.307179 
 2450418.84965    3.17786109766                   1.4515291 
  2450419.9318   -3.76631431466                   2.0710449 
 2450461.80174    4.67491056009                    2.129226 
 2450462.80044    8.77985902397                   2.1318817 
 2450667.14776   0.784125177955                   1.7715045 
 2450690.12795   -5.69297816441                    1.167269 
 2450716.08981   -2.95253879214                   1.5202451 
 2450983.12576    5.60327466147                   2.6393821 
 2451014.12609   -2.14949480874                   1.9894872 
   2451051.048    1.33945782798                   3.2434425 
 2451068.92081    5.15512402671                   3.1292818 
 2451069.96855  -0.466829952279                   2.1699622 
 2451070.95072    2.91320355551                   3.3021884 
 2451071.91794    2.31799543674                   1.7945973 
 2451072.92195    2.40653096823                   1.8800571 
 2451073.85094   -1.13494492387                   1.8292053 
 2451074.89423    2.38302820672                   1.6845031 
 2451075.86013   -2.05329314562                   1.9120355 
 2451172.81304    3.14586194175                   2.9170499 
 2451369.11166   -2.68074369235                   0.6706597 
 2451370.09636    2.96632942571                   0.9875594 
 2451371.10781   0.657251747522                   0.7822329 
 2451372.10838    0.91149954624                   0.4322241 
 2451373.09946   0.649898064307                   0.4332911 
 2451374.03344   -5.73499743325                   2.0783753 
 2451410.06786   -0.58563592805                   0.4915463 
  2451411.0231    7.48781140464                   2.9214532 
 2451412.03431    3.44432480434                   0.5363735 
 2451416.04257    8.23964557947                   0.8231819 
 2451438.88594  -0.216854733059                   3.1067526 
 2451439.91716    0.61640484946                   3.2649992 
 2451550.75201    5.71061261313                    3.004389 
 2451552.77388    1.24605878012                   3.1003006 
  2451580.7086    1.20226605551                   3.3782918 
 2451581.78804   -3.24313799722                   3.1689095 
  2451582.7022    10.6645615877                   3.1347368 
 2451583.71719    9.87788708823                   3.1767795 
 2451584.70322    19.9639008822                   3.7837129 
 2451585.71235    5.69790967124                    2.992439 
 2451707.12491    2.73016675132                     2.97911 
 2451899.85904    5.41096814292                   2.8413429 
 2452098.09919    5.05207379477                   2.4728165 
 2452099.13044 -0.0214125333524                   2.3526278 
 2452129.07852   -3.16862933023                   2.2351143 
 2452133.06589    7.82774670737                    2.258862 
 2452134.00426    3.63269360678                   2.1533341 
 2452189.88619   -2.30895678384                     3.04126 
 2452219.03124   0.572932559421                   3.1933584 
 2452235.72015  -0.492619198391                   3.1886964 
  2452307.7545   -5.00497118814                    3.188987 
  2452515.9235    1.95122845786                   2.3846815 
 2452535.93281     8.0785401644                   2.7633169 
  2452572.8669    13.3269532503                   3.1025519 
 2452600.87831    4.55109723227                   3.2084444 
 2452651.84558   -1.66359392984                   3.1480613 
 2452835.10347    8.81093152182                   2.4027255 
 2452849.04468   -3.68083636148                   2.4863601 
 2452856.06683    6.78168805259                   2.3241341 
 2452897.92647    11.5162308993                   3.1430819 
 2452924.83237    3.19281426216                   2.2339857 
 2452987.78644   0.735194522312                   3.3483145 
 2453017.77306   -1.96168200357                   3.0855944 
