\STAR_ID='HD 10700'
\DATA_CATEGORY='Planet Radial Velocity Curve'
\NUMBER_OF_POINTS='191'
\TIME_REFERENCE_FRAME='HJD'
\MINIMUM_DATE='2453238.08787'
\DATE_UNITS='days'
\MAXIMUM_DATE='2456896.14707'
\MINIMUM_VALUE='-21.0915743834'
\VALUE_UNITS='m/s'
\MAXIMUM_VALUE='9.97780377371'
\REFERENCE='Howard & Fulton, 2016'
\BIBCODE='2016arXiv160603134H'
\TELESCOPE='10m Keck I'
\INSTRUMENT='j: post-upgrade Keck HIRES (after August 19 2004)'
\WAVELENGTH_CALIBRATION_TECHNIQUE='Iodine'
\OBSERVATORY_SITE='Mauna Kea, Hawaii'
\COLUMN_RADIAL_VELOCITY='Relative radial velocity'
\COLUMN_RADIAL_VELOCITY_UNCERTAINTY='Uncertainty in RADIAL_VELOCITY'
|          HJD| Radial_Velocity|Radial_Velocity_Uncertainty|
|       double|          double|                     double|
|         days|           m / s|                      m / s|
|         null|            null|                       null|
 2453238.08787   -4.41955508023                   0.6784117 
 2453239.13966   -5.63086788456                   0.6492193 
 2453239.97793   -5.41512459069                   0.6687996 
 2453241.02653   -4.28536234362                   0.7622752 
 2453301.80215   -1.15093277719                   0.5496365 
 2453302.83642   -3.46603424184                   0.7080209 
 2453303.89647   -4.62843962837                   0.8027353 
 2453338.75977    -1.5383291266                   0.5408397 
 2453339.77058   0.897486787489                   0.6469849 
 2453368.83585   -3.60272928748                   0.5763971 
 2453369.75769   -2.57861259762                   0.5044591 
 2453370.72344   -2.81590831972                   0.6018581 
 2453397.73262    1.03506517357                   0.5815634 
 2453398.73928    1.49429140032                   0.5350885 
 2453399.70452    1.97340936215                    0.535075 
 2453400.71615    1.39759550681                    0.607776 
 2453425.74726   -1.13578464834                   0.6192631 
 2453426.70933   -3.02306132824                   0.6057158 
 2453427.70776   0.869312008686                   0.5957416 
 2453550.12965  -0.527379807828                   0.4578039 
 2453551.13481   -2.12806658989                   0.5284196 
 2453552.13079   -2.92530568003                   0.5854906 
 2453571.12416   -2.58288524503                   0.5819952 
 2453603.09483   -2.95725718701                   0.6227028 
 2453604.09544    9.97780377371                   0.7274033 
 2453605.10613   -3.49232236657                   0.5761355 
 2453692.90047   -1.60636995781                   0.4748902 
 2453693.84204   -2.20284550442                   0.6151827 
 2453693.98621  -0.289471113571                   0.5894195 
 2453694.78226   0.367103723041                   0.6057256 
 2453695.73727  -0.257379056924                   0.4859068 
 2453695.82544  -0.609525240898                    0.680741 
 2453696.88884   -1.84405210686                   0.4895598 
 2453723.83657    2.54151934147                   0.5749788 
 2453724.78283    2.54356590323                   0.4910717 
 2453746.86353   -3.01908599193                   0.4888129 
 2453747.77982   -3.45573585728                   0.6078563 
 2453748.72199   -2.93805721106                   0.5901198 
 2453749.72324   -1.44850956679                   0.5629016 
 2453750.70965   -1.65355635074                   0.4456407 
 2453751.71642   0.163441334939                   0.4323585 
 2453752.72301    -1.6067177037                   0.5615972 
 2453753.72361   -3.36460899385                   0.5188838 
 2453775.71275    1.68455556861                   0.5826506 
 2453776.71882  -0.550632509808                    0.613059 
 2453777.71542  -0.898031466852                   0.6439794 
 2453778.70846  -0.885444802197                   0.6449139 
 2453779.73322  -0.589013667581                   0.7928488 
  2453926.1166    1.62356726058                   0.5942587 
 2453927.10731   0.365208426421                   0.6177526 
 2453928.11521    2.47025411923                   0.7220489 
 2453933.08928   -1.42836056441                   0.6229451 
 2453959.14185 0.00253828137977                   0.5625976 
 2453961.12459   -1.42079056633                   0.6036408 
 2453962.12121   -2.19594099286                   0.5996003 
 2453969.11872   0.479435138526                   0.6164834 
 2453981.98458   -2.08251170362                   0.6019777 
 2453983.03322   -2.58327136178                   0.6315965 
 2453984.03302   -2.42260036023                    0.615818 
 2453984.98349   0.537919730846                   0.6047142 
 2454023.85959   -5.14859705672                   0.5582656 
 2454083.83875   0.730206143248                   0.4687609 
 2454084.79674   0.343185396515                    0.482448 
 2454085.91646    1.03120047566                   0.5059332 
 2454129.71098   0.152323183678                   0.4939915 
 2454130.80479   0.452973267042                   0.5111693 
 2454131.70631  -0.389979844583                    0.708803 
 2454138.71269   -4.13143964298                   0.5984295 
 2454343.98791   -2.56890813675                   0.6734689 
 2454396.79784   -2.07691966055                   0.6051773 
 2454397.81572    -1.1553780156                   0.6274597 
 2454398.87127   -5.12999251767                   0.6754138 
 2454429.79445   -1.00584762387                    0.690763 
 2454430.78994  -0.269241970093                   0.6398408 
 2454453.68255   -21.0915743834                   0.9879636 
 2454454.81334   -2.93030551651                   0.6642165 
 2454455.80634 -0.0735975640533                   0.6340836 
 2454456.83756    0.49870957262                   0.6511612 
 2454458.81398   -2.42586888968                   0.7176127 
 2454460.79205   -1.85965713219                   0.7344598 
  2454461.8031  -0.533055025815                   0.7305765 
 2454492.71023    1.47599641745                   0.7043166 
 2454672.13468    1.09413244565                   0.7147841 
 2454675.04537   -1.18754814046                   0.6564534 
  2454689.0109   -1.78489465253                   0.7180301 
 2454690.06663   -3.06310405931                   0.7223489 
 2454717.95958   -3.42805100247                   0.7298563 
  2454719.0093    1.88643550969                    0.652014 
 2454720.02763   -2.42562125692                    0.250315 
 2454721.00169   -0.33604593112                   0.6347974 
 2454721.91995   -3.96059825261                     0.21687 
 2454722.97681   -2.15187512379                   0.6837639 
 2454723.97202   -2.72181922751                   0.6412868 
 2454724.97618   -3.48679995551                   0.7255392 
 2454725.89477   -2.14821065765                    0.715471 
 2454727.00815    -1.8911331851                   0.6480386 
  2454727.9537   -1.18603290547                    0.691479 
   2454779.863   -2.77528628521                   0.7090803 
 2454805.76837   0.341391962292                   0.6724711 
 2454806.82587   0.751822236453                   0.7888912 
 2454807.84605   -1.02682295483                   0.6756647 
 2454808.86391   0.165717377028                   0.6480616 
  2454809.8997    2.66301505476                   0.6957783 
 2454867.72842   -3.85869725846                   1.4597002 
 2455043.13641   -1.66369567922                   0.7495394 
  2455045.1073   -3.06757463392                   0.7936407 
 2455049.11347   -3.30120240022                    0.713991 
 2455074.10046   -3.03157433052                   0.7207779 
 2455075.10234   -2.79899645748                   0.6997356 
 2455076.09846   -3.71340865693                   0.6576357 
 2455077.05245   -2.34324402823                    0.675644 
 2455078.07472   -2.76334674322                   0.7097138 
 2455079.07895    -2.9182187851                   0.7450882 
 2455080.07647  -0.579641588171                   0.7115322 
  2455081.0879   -1.84299046539                   0.7013682 
  2455082.0402    -1.1789069699                   0.6978182 
 2455083.04945   0.816569418891                   0.6231454 
 2455084.15391  -0.221859701576                   0.6591446 
  2455085.0364   0.432296821708                   0.6305121 
 2455109.95738   0.438151720657                   0.7598118 
 2455110.97521   -3.07408374987                   0.8612278 
 2455133.99536   -5.55798898286                   0.7540447 
 2455134.97829   -2.71864602747                   0.7213705 
 2455135.92332   -2.68297982372                   0.6381384 
 2455171.89782   -2.02040643019                   0.7200502 
 2455172.88032     0.3982602541                   0.6572296 
 2455187.88109    1.10481427036                   0.7300878 
 2455188.78235  -0.367274202491                   0.6366125 
 2455189.80641   0.566850729123                   0.7045201 
 2455190.85518   -1.16378123397                   0.6485922 
  2455196.7881  -0.316309727453                   0.5312007 
  2455197.7898  -0.479490757003                   0.6739366 
  2455198.7976   -3.05296304226                   0.6363326 
 2455229.69848  -0.345229916384                   0.6125891 
 2455231.70069   -2.60162974322                   0.6773261 
 2455415.14485   -2.64745017133                   0.6589993 
 2455427.05275   -2.84680981436                   0.6503693 
 2455429.10611   -1.92400948441                   0.6904091 
 2455433.99145   -3.17546647606                   1.1553274 
 2455437.13316   -1.23369568532                   0.6484466 
 2455440.05342    -1.5275706073                   0.7387698 
 2455441.15057   -2.89857286163                   0.7047211 
 2455455.98047   -1.41784939389                   0.6326132 
  2455470.0462    1.09278646081                   0.6514632 
 2455471.04005    2.24969505102                   0.2719395 
 2455471.96575    3.07965393803                   0.7169998 
 2455487.00837   -2.16636968663                   0.7125004 
 2455489.96369   -2.60728658262                   0.7949892 
 2455490.93771     1.2234911357                   0.6946035 
 2455500.99279   -1.10972263327                   0.6716527 
 2455521.86262   0.391844396189                   0.6685134 
 2455522.91265    2.62198311832                   0.7427516 
 2455528.80756  -0.345956781067                   0.6995537 
 2455542.95157    0.27562563035                   0.6836642 
 2455613.70341    -2.0589394834                   0.6828372 
  2455789.1491   -3.86509760143                   0.7201455 
 2455870.99217    1.04221070348                   0.8317265 
 2455877.97829   -2.11407682041                   0.7388654 
 2455902.86859  -0.186594722575                    0.528819 
 2455903.85269   0.111905856375                   0.6589902 
 2455960.69856    -0.1226613634                   0.7401419 
 2456114.12971   -0.57641600269                   0.7271456 
 2456115.13759  -0.280721426715                   0.7393932 
 2456116.13713   0.377663908532                   0.6838247 
 2456135.14488   -3.26866163639                   0.7367769 
 2456138.14516   -1.58778859165                   0.6294424 
 2456147.15161  -0.312323081105                   0.6339708 
 2456149.06969   -2.49788460624                   0.5472948 
 2456151.14726   -3.44324677507                   0.6405125 
 2456168.10445   -1.95227625464                   0.7092281 
 2456508.14181   0.537881461608                   0.6304032 
 2456513.12492   -1.25737277115                   0.6927599 
 2456514.14152  0.0911877645166                    0.673202 
 2456519.12767   -1.50588829708                   0.6636239 
  2456520.1403   -3.15109987515                   0.6977439 
 2456523.14539   -5.00266499864                   0.6906736 
 2456530.04945   -1.75865391388                   0.7577472 
 2456531.11825   -2.75071784018                   0.6665734 
 2456532.11832   0.195020220775                   0.6117218 
 2456533.15461    -2.2634298378                   0.6706491 
 2456534.15611   -2.59971937422                   0.6704098 
 2456548.12977  -0.985636887141                   0.7007321 
 2456584.95432   -5.89384706941                   1.3689005 
  2456639.7505   -2.69786915717                   0.6777098 
 2456866.13068  0.0747087612802                   0.6874501 
 2456867.13177   0.381662256217                   0.7235096 
 2456874.14298   -1.67195080334                   0.6774347 
  2456884.1395   -2.98716133591                   0.6709372 
 2456889.14732   -3.77281263462                   0.6753809 
 2456895.15492   -7.13956904652                   0.6947019 
 2456896.14707   -3.23254965782                   0.6980023 
