\STAR_ID                                  = "HD 141937"
\DATA_CATEGORY                            = "Planet Radial Velocity Curve"
\NUMBER_OF_POINTS                         = "81"
\TIME_REFERENCE_FRAME                     = "HJD"
\MINIMUM_DATE                             = "2451268.837020"
\DATE_UNITS                               = "days"
\MAXIMUM_DATE                             = "2452150.540896"
\MINIMUM_VALUE                            = "-3174.40"
\VALUE_UNITS                              = "m/s"
\MAXIMUM_VALUE                            = "-2771.40"
\REFERENCE                                = "Udry et al. 2002 (A&A, 390, 267)"
\BIBCODE                                  = "2002A&A...390..267U"
\TELESCOPE                                = "1.2m Euler Swiss telescope"
\INSTRUMENT                               = "CORALIE"
\WAVELENGTH_CALIBRATION_TECHNIQUE         = "Thorium Argon"
\OBSERVATORY_SITE                         = "ESO La Silla, Chile"
\COLUMN_RADIAL_VELOCITY                   = "Radial velocity relative to barycenter"
\COLUMN_RADIAL_VELOCITY_UNCERTAINTY       = "Uncertainty in RADIAL_VELOCITY"
|            HJD | Radial_Velocity | Radial_Velocity_Uncertainty |
|         double |          double |                      double |
|           days |             m/s |                         m/s |
  2451268.837020          -3006.00                          4.00
  2451287.803003          -2943.40                          4.00
  2451287.814751          -2936.90                          5.00
  2451291.868296          -2928.40                          6.00
  2451295.832056          -2901.60                          6.00
  2451297.765684          -2921.90                          5.00
  2451300.748300          -2900.50                          4.00
  2451304.884162          -2921.30                          7.00
  2451307.823618          -2921.20                          8.00
  2451310.758164          -2899.40                          9.00
  2451310.770236          -2892.90                          7.00
  2451335.765194          -2837.40                          8.00
  2451335.777288          -2835.00                          8.00
  2451355.662784          -2834.50                          5.00
  2451367.669938          -2827.60                          8.00
  2451384.593779          -2795.80                          5.00
  2451384.605896          -2810.70                          5.00
  2451395.527284          -2795.20                          5.00
  2451395.539308          -2805.20                          6.00
  2451399.513273          -2805.00                          5.00
  2451400.551079          -2809.30                          6.00
  2451404.493118          -2783.20                          9.00
  2451611.882698          -2802.10                          5.00
  2451614.911399          -2810.70                          5.00
  2451615.906989          -2802.60                          6.00
  2451619.901013          -2793.00                          6.00
  2451620.872350          -2812.30                          5.00
  2451621.849057          -2824.90                          6.00
  2451622.798157          -2812.40                          7.00
  2451623.857509          -2816.60                          6.00
  2451624.759196          -2820.70                          6.00
  2451625.756909          -2816.90                          5.00
  2451626.859398          -2832.20                          5.00
  2451627.813795          -2829.70                          5.00
  2451628.782788          -2816.70                          7.00
  2451629.784178          -2818.10                          6.00
  2451630.779328          -2821.00                          6.00
  2451631.777567          -2816.00                          5.00
  2451632.755399          -2823.00                          4.00
  2451633.754794          -2830.70                          5.00
  2451634.726280          -2822.40                          7.00
  2451635.785574          -2827.00                          5.00
  2451640.798030          -2831.90                          5.00
  2451641.765885          -2829.10                          5.00
  2451642.786428          -2832.80                          5.00
  2451645.775336          -2842.70                          5.00
  2451646.840159          -2831.70                          5.00
  2451689.716052          -2893.00                          7.00
  2451701.741249          -2905.80                          8.00
  2451746.615636          -2992.20                          9.00
  2451749.585326          -3002.70                          5.00
  2451750.564072          -3004.60                          6.00
  2451753.563681          -2998.00                          6.00
  2451758.608917          -3010.40                          9.00
  2451774.540240          -3071.40                          6.00
  2451777.535502          -3080.60                          7.00
  2451780.508300          -3085.00                         10.00
  2451782.586453          -3076.80                         11.00
  2451784.533692          -3089.70                         10.00
  2451785.500589          -3108.90                          8.00
  2451786.502227          -3088.20                          7.00
  2451787.534788          -3114.80                          8.00
  2451809.513545          -3174.40                          6.00
  2451955.886463          -2905.60                          5.00
  2451963.877392          -2897.60                          4.00
  2451964.888824          -2895.60                          4.00
  2451967.866031          -2892.50                          5.00
  2451971.868150          -2882.10                          4.00
  2451976.880487          -2871.60                          4.00
  2451979.842804          -2859.30                          4.00
  2452005.855192          -2815.20                          8.00
  2452047.723047          -2785.50                          8.00
  2452054.671482          -2783.80                          9.00
  2452054.685117          -2791.00                         10.00
  2452072.605220          -2788.20                          4.00
  2452072.616851          -2790.80                          4.00
  2452129.627853          -2787.10                          5.00
  2452133.473260          -2791.50                          5.00
  2452133.513881          -2801.30                          5.00
  2452141.547796          -2771.40                          4.00
  2452150.540896          -2786.20                          4.00
