\STAR_ID='HD 10700'
\DATA_CATEGORY='Planet Radial Velocity Curve'
\NUMBER_OF_POINTS='87'
\TIME_REFERENCE_FRAME='HJD'
\MINIMUM_DATE='2451755.04755'
\DATE_UNITS='days'
\MAXIMUM_DATE='2453208.08088'
\MINIMUM_VALUE='-17.3471052236'
\VALUE_UNITS='m/s'
\MAXIMUM_VALUE='10.1577716311'
\REFERENCE='Howard & Fulton, 2016'
\BIBCODE='2016arXiv160603134H'
\TELESCOPE='10m Keck I'
\INSTRUMENT='k: pre-upgrade Keck HIRES (on or before August 19 2004)'
\WAVELENGTH_CALIBRATION_TECHNIQUE='Iodine'
\OBSERVATORY_SITE='Mauna Kea, Hawaii'
\COLUMN_RADIAL_VELOCITY='Relative radial velocity'
\COLUMN_RADIAL_VELOCITY_UNCERTAINTY='Uncertainty in RADIAL_VELOCITY'
|          HJD| Radial_Velocity|Radial_Velocity_Uncertainty|
|       double|          double|                     double|
|         days|           m / s|                      m / s|
|         null|            null|                       null|
 2451755.04755    3.36024774911                   0.8877163 
 2451756.05946    1.17424349392                   1.2502482 
 2451757.05712  -0.969892167832                   0.9278449 
 2451792.95298    -2.4000268291                   1.1562622 
 2451793.93293   -3.06775327121                   1.3700428 
  2451882.7638    2.20463900174                   1.5411605 
 2451883.79891    1.59767193026                   1.0957713 
 2451897.94484    3.89758840926                   0.9895816 
 2451899.82678    3.14771131161                   0.8580754 
 2451900.77048    2.58916689501                   0.9804621 
 2452095.13622   -17.3471052236                   1.1660544 
 2452096.12941   -2.84427521972                   0.8826336 
 2452097.13153   -7.03386133723                   1.0922313 
 2452098.13217  -0.449350255566                    1.034533 
 2452099.12362   -2.27183645818                   0.8136979 
  2452100.1124    -4.0949749509                   1.4858906 
 2452101.13267    2.64954714383                   1.5620052 
 2452102.13088   -4.02481129155                   1.0093942 
   2452128.129  -0.273487524143                   1.4722904 
 2452129.11222   -5.28593381989                   1.0701203 
 2452133.13896   -1.63120694553                   1.5869435 
 2452134.02027   -4.50120702203                   1.0543431 
 2452162.92807    1.62095310728                   1.1202905 
 2452187.99877   0.674403711209                   1.3941269 
  2452188.9594   -1.93059964572                   1.8238951 
 2452189.89654    4.25316195096                   1.3955125 
 2452218.94089   0.629436059842                   1.5138139 
 2452219.96014   -4.64513821994                   1.8561181 
 2452235.74627   0.969826516397                    1.024364 
 2452236.77649    1.60191197299                   1.0120524 
 2452237.71982    1.82534776366                   1.0694311 
 2452238.75754    5.26423616678                   1.1499956 
 2452242.78357   0.890415660606                   0.9680777 
 2452307.71164   -3.86872611745                   1.1307663 
 2452487.09166    1.60730318631                   1.4807478 
 2452488.10839   0.432784704225                      1.1004 
 2452489.04627   -2.63525052463                    1.357487 
 2452514.98612    2.22195772732                   1.6684166 
 2452516.00902    4.07124755113                   1.0499339 
 2452535.90874 -0.0799010345966                   1.1472075 
 2452536.99506   -4.79454250025                   1.3474113 
 2452538.02803   -3.49743454939                   1.2803026 
 2452538.92554   -4.80165391978                     1.14645 
 2452539.92617    0.12530855305                   1.1990291 
 2452572.93754    1.45967440213                   1.4083116 
 2452573.83876    2.48458514016                   1.1139946 
 2452574.91475    10.1577716311                   1.7128716 
 2452575.87323    4.85698289937                   1.2547992 
 2452600.71978  -0.153030102841                    0.982447 
 2452601.87877   0.631926761571                   1.0429928 
 2452602.81876    3.40963996762                   1.1539822 
 2452651.75775   -0.29769434496                   0.8681604 
 2452830.13025   -2.09031899896                   1.0708035 
 2452832.11989   -4.33650880875                    1.093358 
 2452833.09525  -0.353746435518                   1.2466629 
 2452834.12536    1.66063839898                   1.1670843 
 2452835.12009  -0.549578652055                    1.222519 
 2452836.07829   0.931792348829                   1.0822108 
 2452849.08461   -2.54797788059                   1.5109171 
  2452850.0402    -1.0530178675                   1.0007238 
 2452851.13424    1.29429891921                   1.0964904 
 2452854.13487   -3.12989996657                   1.0108256 
 2452855.13572    3.17377745477                   1.0441639 
 2452856.12693    1.58529729414                   1.0724707 
 2452897.91826    1.35203195264                   1.0593244 
   2452899.034   -1.96546597873                    1.463596 
 2452924.93038    1.72253515755                   1.1339478 
 2452926.06044   0.894647513214                   1.0789676 
 2452987.74289    -2.5514225592                   1.1235678 
 2452988.75882   -2.57572727706                   1.0303004 
 2452989.77307   -3.10878250727                   1.0124024 
 2453014.73997   0.223708731945                   0.9231276 
 2453015.74225  -0.209798589817                   0.8463903 
 2453016.74585   0.616039132443                   0.7101303 
 2453017.76066  -0.653883432451                   0.9011099 
 2453045.70397   0.816165490994                   1.5220517 
 2453180.12752    3.40094332303                   1.3526345 
 2453181.12623    -14.251575903                   1.7017691 
 2453182.12184 -0.0497021237519                   1.4048986 
 2453190.10717   -1.87613400261                   0.9796032 
 2453191.12464    2.19190883338                   0.9334862 
 2453196.10753   -8.09066434299                   1.9833924 
 2453197.12936   -7.79171871504                    0.885707 
 2453199.13027  -0.175538964081                   0.8117085 
 2453200.13394  -0.260860491781                   0.7712551 
 2453207.10438   -2.93801596918                   0.9096717 
 2453208.08088   -3.35949666281                   0.8977735 
