\STAR_ID='HD 191408'
\DATA_CATEGORY='Planet Radial Velocity Curve'
\NUMBER_OF_POINTS='45'
\TIME_REFERENCE_FRAME='HJD'
\MINIMUM_DATE='2453237.92228'
\DATE_UNITS='days'
\MAXIMUM_DATE='2456882.82918'
\MINIMUM_VALUE='-7.95463403402'
\VALUE_UNITS='m/s'
\MAXIMUM_VALUE='23.4653306701'
\REFERENCE='Howard & Fulton, 2016'
\BIBCODE='2016arXiv160603134H'
\TELESCOPE='10m Keck I'
\INSTRUMENT='j: post-upgrade Keck HIRES (after August 19 2004)'
\WAVELENGTH_CALIBRATION_TECHNIQUE='Iodine'
\OBSERVATORY_SITE='Mauna Kea, Hawaii'
\COLUMN_RADIAL_VELOCITY='Relative radial velocity'
\COLUMN_RADIAL_VELOCITY_UNCERTAINTY='Uncertainty in RADIAL_VELOCITY'
|          HJD|Radial_Velocity|Radial_Velocity_Uncertainty|
|       double|         double|                     double|
|         days|          m / s|                      m / s|
|         null|           null|                       null|
 2453237.92228  -6.17014693388                   0.8212944 
 2453301.71141  -3.99229662798                   1.2750053 
 2453546.98175  -5.71712171782                   0.4926085 
 2453548.12017  -7.05748927149                   0.7454152 
 2453549.02543  -6.53150964819                   0.4506385 
 2453549.95446  -7.81538235093                   0.4072994 
 2453551.01307  -6.59895089094                    0.414815 
 2453551.96778  -6.96724734931                   0.4542953 
 2453570.96535  -7.95463403402                   0.5731413 
 2453926.01938  -4.08564587713                    0.612169 
 2454247.08023  -1.05695905823                   0.6961499 
 2454248.11472  -2.01611404603                   1.0026169 
 2454249.12338   -3.6054477004                   1.0475012 
 2454252.08729  -1.20950793537                   1.0826889 
 2454256.07841  0.635375197653                   0.8033478 
 2454279.03515  0.880406178421                   1.0666162 
 2454280.03911   1.67625369627                   1.0187978 
 2454286.03121  0.499681268704                   1.2172295 
 2454294.99541  -1.21197959693                   1.2846884 
 2454304.91002  -2.83934788245                   0.8268063 
 2454305.97528  -3.30652331795                    0.750984 
 2454306.95126  -3.82110526049                   0.7725316 
 2454308.00433  -1.27063925035                   0.7594494 
 2454308.97221   1.53994012848                   0.8008206 
 2454309.96889   2.57606448558                   0.7532384 
 2454310.96067   1.90969142638                   0.7062864 
 2454311.95713  0.551984384512                   0.8117275 
 2454312.95408   -2.5778097599                   0.8326588 
 2454313.95154  -1.25169401654                   0.7952944 
 2454314.95514  0.141188053954                   0.7376718 
 2454319.02404   1.92284576762                   0.7051396 
 2454336.96898   4.02412900867                    1.240635 
 2454634.98977   2.84402991459                   1.2471129 
 2454957.10315   2.03467072766                    1.243647 
 2455016.08166   6.89320376319                   1.1180419 
 2455026.96785   3.70050046639                   1.2159109 
  2455318.1396   3.27032956289                   1.1629748 
 2455345.08844   7.72698096759                   0.6744825 
 2455351.10018   9.79624075862                   0.6593125 
 2455841.73044   11.6747308997                   1.2748578 
 2456208.70814   17.8071244396                   1.1412677 
 2456529.87085   23.4653306701                   1.2359494 
 2456860.87677   16.1092699598                   1.3812988 
 2456874.02633   20.3302409629                   1.3055749 
 2456882.82918    19.721556018                   1.2957182 
