\STAR_ID='HD 201092'
\DATA_CATEGORY='Planet Radial Velocity Curve'
\NUMBER_OF_POINTS='74'
\TIME_REFERENCE_FRAME='HJD'
\MINIMUM_DATE='2453238.91245'
\DATE_UNITS='days'
\MAXIMUM_DATE='2456854.13507'
\MINIMUM_VALUE='-20.7547885954'
\VALUE_UNITS='m/s'
\MAXIMUM_VALUE='21.3653320764'
\REFERENCE='Howard & Fulton, 2016'
\BIBCODE='2016arXiv160603134H'
\TELESCOPE='10m Keck I'
\INSTRUMENT='j: post-upgrade Keck HIRES (after August 19 2004)'
\WAVELENGTH_CALIBRATION_TECHNIQUE='Iodine'
\OBSERVATORY_SITE='Mauna Kea, Hawaii'
\COLUMN_RADIAL_VELOCITY='Relative radial velocity'
\COLUMN_RADIAL_VELOCITY_UNCERTAINTY='Uncertainty in RADIAL_VELOCITY'
|          HJD| Radial_Velocity|Radial_Velocity_Uncertainty|
|       double|          double|                     double|
|         days|           m / s|                      m / s|
|         null|            null|                       null|
 2453238.91245   -14.8782248287                   0.6428521 
  2453301.8946    -12.971989101                   0.8040351 
  2453338.6906   -20.7547885954                   0.9597344 
 2453547.02824   -14.2344892357                   1.0099953 
 2453548.06947   -10.4480973758                   0.8875772 
 2453550.07932   -10.7212096786                   1.0884999 
 2453551.05964    -13.743737815                    0.969312 
 2453551.98072   -14.9327866585                   0.9728975 
 2453571.05458   -13.9869532742                   0.5343177 
 2453926.08718   -8.72104118696                   0.5321254 
 2453982.92779   -7.03160220159                   0.5464848 
 2454085.77088   -5.57004639871                   0.6200765 
 2454247.10201   -4.77716401462                   0.9898667 
 2454248.07546   -7.66998302019                   1.1012162 
 2454249.09866   -7.44544540653                   1.0447364 
  2454256.0687   -8.75021976266                   0.7373723 
   2454279.017   -4.17886280287                   1.1450678 
 2454281.10922   -3.63111331729                   1.1083848 
  2454285.9402    -2.8560615591                   1.1252556 
 2454295.03422   -2.68669237544                   0.7152508 
 2454305.07166   -4.88220475973                   0.8239744 
 2454305.89061    -5.4863361441                   0.6759078 
 2454306.88893   -3.28455806222                   0.7475627 
 2454307.93757    -2.0545417045                   0.7844537 
 2454309.07382   -3.86061037255                   0.6909027 
 2454310.06675   -4.87153044387                   0.6784155 
 2454311.04826   -2.43593575571                   0.6529089 
 2454312.04155   -3.92246994159                   0.6489857 
 2454313.05666   -3.99623636581                   0.7097766 
 2454314.01967   -4.56350380494                   0.6802961 
 2454315.07094   -2.77337276537                   0.5794747 
 2454335.98376   0.940589108221                    0.743701 
 2454343.85403    -1.0196315919                   1.1235399 
  2454396.7574    -3.8392691656                   1.0157405 
 2454397.78741   -4.49539503722                   0.9436347 
 2454398.78132   -3.63125490111                   1.1333646 
 2454429.81455 -0.0432018869602                   1.0865515 
 2454641.04113   -3.79513052542                   0.8553623 
 2454671.99759    1.35855998804                    1.010614 
 2454674.08212   0.576900630406                   1.0239184 
 2454722.82848    6.61197106191                   1.1171631 
 2454930.13878   -1.28847895363                   1.1789697 
  2455074.0687    7.79913980878                   1.2539837 
  2455075.0539    7.75716693911                   1.1936599 
 2455076.04045    8.89754425191                   1.2435414 
 2455077.03027    5.29989447718                   1.2082614 
 2455078.03229    8.83475927585                   1.2880241 
 2455079.03789    2.52852002936                   1.1418414 
 2455080.02515    5.69877644826                   1.1020939 
 2455081.04394    5.77217386174                   1.1542556 
 2455082.02736    4.47441964415                   1.3088442 
 2455083.02289    5.13010285511                   1.0849897 
 2455084.04231    6.71861622698                   1.1330647 
 2455085.00975    8.02675492811                   1.2411832 
 2455110.87826    5.86360555892                   1.2790579 
 2455187.68941    10.2604624603                   1.1856624 
  2455189.6867    6.72447906807                   1.0199701 
  2455190.6907    7.48020673165                   1.1674248 
 2455192.68848    3.74376377316                   1.1871203 
 2455196.68586     5.8642780289                   1.0913268 
 2455197.68561     5.4310051795                   1.4608238 
 2455198.68448    6.02822065174                   1.0834326 
 2455395.97796    6.21691506017                   0.6341925 
 2455407.14133    5.98585805103                   0.6143027 
 2455432.07409     9.2725126042                   0.6223284 
 2455542.68479    3.91050324065                   1.1616129 
 2455770.09373    9.29230862618                   0.6781533 
 2455785.98484    16.9223367403                   1.2757324 
 2455794.88348    11.2136411929                   1.1838297 
 2455841.87004    13.1712094539                   0.7425655 
 2456172.05442      8.881974334                   0.7309263 
 2456529.83994    21.3653320764                   1.1149203 
  2456852.1369    18.1860526779                   1.0810223 
 2456854.13507    18.6198670835                   1.1027879 
