\STAR_ID='HD 95128'
\DATA_CATEGORY='Planet Radial Velocity Curve'
\NUMBER_OF_POINTS='215'
\TIME_REFERENCE_FRAME='HJD'
\MINIMUM_DATE='2449767.91834'
\DATE_UNITS='days'
\MAXIMUM_DATE='2455603.88481'
\MINIMUM_VALUE='-65.5299987793'
\VALUE_UNITS='m/s'
\MAXIMUM_VALUE='75.9400024414'
\REFERENCE='Howard & Fulton, 2016'
\BIBCODE='2016arXiv160603134H'
\TELESCOPE='3.0m Shane'
\INSTRUMENT='l: Hamilton Spectrograph post-dewar 16 (after November 1994)'
\WAVELENGTH_CALIBRATION_TECHNIQUE='Iodine'
\OBSERVATORY_SITE='Lick Observatory, California'
\COLUMN_RADIAL_VELOCITY='Relative radial velocity'
\COLUMN_RADIAL_VELOCITY_UNCERTAINTY='Uncertainty in RADIAL_VELOCITY'
|          HJD|Radial_Velocity|Radial_Velocity_Uncertainty|
|       double|         double|                     double|
|         days|          m / s|                      m / s|
|         null|           null|                       null|
 2449767.91834   62.7000007629                        2.26 
 2449768.90723   61.8699989319                   2.6099999 
 2449802.79067   65.3600006104                   1.9800001 
 2450058.07889   34.5299987793                   1.6899999 
 2450068.97965   33.2700004578                   2.1600001 
 2450072.01172   35.9900016785                   2.0799999 
 2450088.99316   27.3999996185                        2.01 
 2450089.94727   27.3400001526                        1.71 
 2450091.90039   17.6399993896                   2.1600001 
 2450120.91895   20.3500003815                   2.0699999 
 2450124.90515   24.0300006866                        1.85 
  2450125.8226   21.0300006866                        1.84 
 2450127.89694    12.029999733                        1.96 
 2450144.87695   16.4400005341                   2.5699999 
 2450150.79528   12.5799999237                        2.02 
 2450172.82947   7.84000015259                   2.1300001 
 2450173.76269   13.8100004196                         2.7 
 2450181.74146  -3.53999996185                   1.6700001 
 2450187.73912   8.17000007629                        2.21 
 2450199.72917   6.98999977112                        1.99 
 2450203.73332   1.62999999523                         2.3 
 2450214.73131   3.09999990463                        1.76 
 2450422.01758  -33.7900009155                        2.27 
 2450438.00098  -21.5499992371                   2.1900001 
 2450442.02734  -29.7199993134                         2.0 
 2450502.85352  -13.5100002289                   2.3299999 
 2450504.85938           -16.5                   2.3199999 
 2450536.84484  -0.72000002861                   2.4400001 
 2450537.84264  -3.84999990463                        2.01 
  2450563.6724   6.63999986649                        1.91 
 2450579.69643   11.6499996185                        2.04 
 2450610.71875   13.1400003433                   1.8200001 
 2450793.95703   59.9300003052                   2.1199999 
 2450795.03906   59.1899986267                        2.28 
 2450854.94629   39.4399986267                   9.0100002 
 2450978.68696   67.8099975586                   2.4800003 
 2451131.06543   29.2900009155                   3.5799997 
 2451175.02734   12.6400003433                   4.0700002 
  2451242.8418  -1.96000003815                         2.5 
 2451303.71191  -18.8999996185                        2.22 
 2451508.07031  -34.0999984741                   4.5599999 
 2451536.06396  -53.3199996948                         2.5 
 2451607.91754  -19.1100006104                   2.3399999 
 2451626.77046  -25.8400001526                   3.3799999 
 2451627.75391  -29.6800003052                   3.0700002 
 2451628.72754  -32.9700012207                        2.95 
  2451700.6922  -7.17000007629                        2.53 
 2451861.04981   32.6500015259                   2.9300001 
 2451874.06836           38.25                        3.01 
 2451881.04382   28.6299991608                        2.24 
  2451895.0657   37.6300010681                   2.3900001 
 2451906.01435   35.6300010681                   2.0799999 
 2451907.01108            39.0                        2.21 
 2451909.04324   40.1500015259                        2.02 
 2451910.95526   40.9700012207                   2.1600001 
 2451914.06738   38.8699989319                   2.8399999 
 2451915.04697   43.0200004578                   2.0799999 
 2451916.03353   43.6899986267                        1.88 
 2451939.96995   40.8600006104                        2.55 
 2451946.95948   45.2700004578                   2.1800001 
 2451969.90535   55.1800003052                        2.23 
 2451971.89459   56.3899993896                   2.3900001 
 2451998.77811   58.2999992371                   1.9500002 
 2451999.82147   52.5699996948                        2.04 
 2452000.85888   50.2799987793                        2.04 
 2452028.73928   57.8400001526                   2.4000001 
 2452033.74609   49.3199996948                         2.5 
 2452040.76172   55.1199989319                        2.77 
 2452041.71844   57.1899986267                   1.7800001 
 2452042.69626   52.7799987793                        2.03 
 2452071.72797   75.9400024414                   5.4499993 
 2452073.72163   48.4799995422                        2.46 
 2452101.68652   57.4799995422                   4.1100001 
  2452103.6875   46.6100006104                   2.9300001 
 2452104.68555   51.4700012207                   3.1600001 
 2452105.68359   43.5699996948                   3.0700002 
 2452216.03613   18.8700008392                        2.52 
 2452222.04442   30.2999992371                        2.25 
 2452278.07185  -10.7299995422                   2.4100001 
  2452279.0685  -4.92000007629                   2.3800001 
 2452283.04003   8.09000015259                        3.77 
 2452286.06129   2.22000002861                   1.8300002 
 2452288.01685  -6.69999980927                        2.47 
    2452306.93  -12.9099998474                        3.28 
 2452314.92624  -9.89999961853                   1.7899998 
 2452315.92491  -5.94999980927                         1.4 
 2452317.00001   6.09000015259                   3.1400003 
 2452348.86292          -14.75                   2.0699999 
 2452375.79978  -34.0699996948                        1.76 
 2452376.72289  -36.7299995422                   2.1400001 
 2452380.75607  -26.3199996948                   2.1199999 
 2452388.75352  -47.1500015259                   1.6199999 
 2452389.70437  -46.7400016785                        2.02 
 2452577.04986  -45.6399993896                   1.9200001 
 2452599.04732  -45.5200004578                        1.36 
  2452609.0672          -41.75                   1.9399999 
 2452631.99198  -31.1900005341                        1.88 
 2452657.01677  -51.4199981689                        1.28 
 2452687.86021  -42.5499992371                         1.9 
 2452705.83786  -30.7700004578                        1.46 
 2452722.83016  -18.7099990845                   1.6800001 
  2452737.7718  -17.6100006104                         1.4 
 2452793.72996  -5.98000001907                        1.34 
 2452794.71427  -14.1499996185                        1.25 
 2452834.69798   7.84999990463                   1.6199999 
 2452991.05371   36.8400001526                   2.1600001 
 2452992.07324   42.4900016785                        2.23 
 2453009.05134   39.3400001526                   1.4400001 
 2453009.95488   44.4799995422                   1.5500001 
 2453018.99707   51.5999984741                   2.6400003 
 2453020.95312   42.5099983215                   2.9200001 
 2453022.00272   42.7900009155                        2.76 
 2453044.91676   60.0600013733                   1.6199999 
 2453068.84473   44.9599990845                        2.79 
 2453069.83313   37.5600013733                   1.6199999 
 2453072.88561   44.1800003052                   1.6299999 
 2453078.80533   47.0600013733                   1.8300002 
 2453079.82649   46.5099983215                   1.7299999 
 2453080.79241   53.4799995422                        1.84 
 2453081.81746   43.7299995422                        1.64 
 2453100.81501   57.2400016785                   2.0599999 
 2453107.77734   40.6300010681                        2.46 
 2453119.74255   54.2700004578                   2.1500001 
  2453120.6902   44.4000015259                   1.4899999 
 2453131.68262   44.3800010681                        2.28 
  2453132.7334   45.8199996948                   2.6899998 
 2453147.69434   41.2400016785                   2.6800001 
 2453155.70101           30.75                        1.53 
 2453156.70608   31.1399993896                        1.52 
 2453157.68662   36.2400016785                   1.6999999 
 2453339.06979  -5.32999992371                        1.77 
 2453363.01392  -5.42000007629                        2.25 
 2453363.96551  -16.6499996185                   2.3900001 
 2453383.98268  -1.37000000477                   4.0900002 
 2453385.00474  -19.0400009155                        2.27 
 2453385.99588  -19.9799995422                   2.1099999 
 2453388.00119   8.85999965668                   5.5000005 
 2453389.92763  -33.2200012207                   2.3699999 
 2453390.94679  -18.5400009155                        2.49 
 2453391.99873  -31.2000007629                         2.5 
 2453392.92384  -33.9599990845                   2.3800001 
  2453402.9585  -17.9400005341                        2.47 
 2453403.95266  -22.5499992371                   2.3900001 
  2453404.9472  -21.6200008392                   2.8499999 
 2453436.78784  -32.7000007629                   2.7500002 
 2453437.88653  -45.4300003052                   2.6600001 
 2453438.84146  -33.4700012207                   2.0999999 
 2453439.85425  -31.4300003052                        2.02 
  2453440.7724  -31.0699996948                   2.7500002 
  2453441.8656  -41.8400001526                   2.6600001 
 2453460.80471  -37.9199981689                        2.52 
 2453475.70431  -40.1899986267                   2.4800003 
 2453476.70679  -37.1500015259                   2.5699999 
 2453477.72531  -43.7200012207                        2.21 
  2453478.7598  -45.3300018311                   2.3399999 
 2453479.77477  -49.8499984741                   2.1600001 
 2453511.71368  -47.1399993896                   2.0999999 
 2453512.68814  -46.7099990845                        2.28 
 2453744.02742  -34.8400001526                   2.3800001 
 2453744.98153  -47.4500007629                         2.2 
 2453753.03449  -49.0099983215                   1.5700002 
 2453755.89818  -40.8800010681                   2.5999997 
 2453866.72784  -30.8999996185                   2.3499999 
 2453867.72262  -33.6199989319                   2.3699999 
 2453868.75231  -28.8700008392                        2.52 
 2453869.72955  -26.1100006104                        2.27 
 2454074.06927   23.9200000763                   1.5700002 
 2454099.08546   29.7299995422                        1.77 
 2454100.06699   28.4599990845                   1.6199999 
 2454102.04697   33.6100006104                        1.88 
 2454104.02875   32.9399986267                        2.46 
 2454133.96565   25.2700004578                   2.4000001 
 2454134.92731   19.8899993896                        1.38 
 2454135.86244   16.6399993896                        1.21 
 2454165.84594   22.1100006104                         1.6 
 2454196.81661   26.3999996185                        1.71 
 2454219.76621   25.3700008392                   1.6999999 
 2454220.78738   35.4199981689                   1.7500001 
 2454253.69317   22.0699996948                        1.39 
 2454254.70036   23.2600002289                        1.38 
 2454427.07822  -17.6200008392                   2.3199999 
  2454450.0634           -14.5                   1.8300002 
 2454462.02558  -24.7199993134                   1.2999998 
 2454547.91175  -44.0200004578                        1.76 
 2454574.80227  -64.8899993896                        0.98 
 2454578.84333  -53.9399986267                        1.09 
 2454598.75018  -49.2400016785                   1.7800001 
 2454622.75127  -65.5299987793                        1.35 
 2454623.71186  -57.3400001526                   1.4400001 
 2454784.05152  -19.3099994659                   3.9400001 
 2454785.08258  -25.9599990845                   4.1199999 
 2454845.02031  -36.8300018311                        1.27 
 2454847.93424  -31.6000003815                         1.8 
 2454848.97279  -31.1299991608                        1.58 
 2454849.97133  -30.1700000763                        1.61 
 2454863.98071    2.8599998951                   3.4300001 
 2454864.91882  -18.2600002289                   3.9000003 
 2454865.96288  -22.7999992371                   4.2600002 
  2455172.0797   59.4799995422                         2.5 
 2455228.98306   62.0400009155                   3.3799999 
 2455312.76241   53.3800010681                        1.96 
 2455352.72741   40.9900016785                        1.64 
 2455353.71375   38.7799987793                   2.1800001 
 2455354.73761   32.2999992371                   1.7299999 
  2455367.6994   32.1899986267                        1.71 
 2455368.69714   33.0699996948                        1.28 
 2455547.01618  -22.2800006866                        1.25 
 2455554.98209          -18.25                        1.29 
 2455577.99867  -29.4599990845                        1.41 
 2455578.93495  -27.5100002289                   1.3200002 
 2455582.92743  -25.2199993134                   1.2999998 
 2455583.91926  -26.7999992371                   1.4299999 
 2455585.94499  -26.5100002289                   2.4400001 
  2455602.8725  -27.8700008392                        1.25 
 2455603.88481  -28.9200000763                   1.4299999 
