\STAR_ID='HD 86728'
\DATA_CATEGORY='Planet Radial Velocity Curve'
\NUMBER_OF_POINTS='44'
\TIME_REFERENCE_FRAME='HJD'
\MINIMUM_DATE='2453339.02952'
\DATE_UNITS='days'
\MAXIMUM_DATE='2456640.16409'
\MINIMUM_VALUE='-9.7142748135'
\VALUE_UNITS='m/s'
\MAXIMUM_VALUE='5.67625191347'
\REFERENCE='Howard & Fulton, 2016'
\BIBCODE='2016arXiv160603134H'
\TELESCOPE='10m Keck I'
\INSTRUMENT='j: post-upgrade Keck HIRES (after August 19 2004)'
\WAVELENGTH_CALIBRATION_TECHNIQUE='Iodine'
\OBSERVATORY_SITE='Mauna Kea, Hawaii'
\COLUMN_RADIAL_VELOCITY='Relative radial velocity'
\COLUMN_RADIAL_VELOCITY_UNCERTAINTY='Uncertainty in RADIAL_VELOCITY'
|          HJD|Radial_Velocity|Radial_Velocity_Uncertainty|
|       double|         double|                     double|
|         days|          m / s|                      m / s|
|         null|           null|                       null|
 2453339.02952  -1.67970271318                   0.4763801 
 2453340.12385   4.18149643693                   0.4975833 
 2453369.98851    5.3038830972                   0.5209123 
 2453425.93233   1.51337024574                   0.5496669 
 2453480.82457 -0.368217863418                   0.4835687 
  2453693.1241  -2.47228919494                   0.5193848 
 2453694.12418  -3.33142491316                   0.4600327 
 2453695.10927  -0.53099849858                   0.4856872 
 2453696.10304  -5.59694852235                   0.5167129 
  2453697.1174   -9.7142748135                   0.5097399 
 2453725.05257  -5.15260446491                   0.4777826 
 2453776.90934  -1.29606975199                   0.5472455 
 2454084.99787 -0.508654339142                   0.5798744 
 2454138.94461  -3.35311113991                   0.5502238 
 2454866.11972   -4.0348519479                   1.2519056 
 2454867.93205  -4.10375117219                   1.1512833 
  2454930.0095  -2.10846310526                   1.0994607 
 2454983.82124 -0.292806389723                   1.1152861 
 2454984.81102  -1.21098827033                   1.1005456 
 2454985.81792  -4.02454526333                   1.0659868 
  2454987.8175  -2.35425864588                   1.1774436 
 2454988.82703  -2.63856328665                   1.1232457 
  2455014.7384  0.201419627049                   1.1105806 
 2455015.73739 -0.345699578447                   1.0114028 
 2455134.15456  -4.52576996175                   1.0038824 
 2455136.14775  0.815196005673                   1.0739367 
 2455174.16955   1.60335628932                   1.1390945 
 2455229.07629  -6.52586077526                    0.626552 
 2455289.72099  -2.04028414796                   1.0507801 
 2455314.81452   1.31352536234                   1.1400443 
 2455343.73162  -1.37249836434                   0.9971084 
 2455380.73504  -4.58531566238                   1.0295923 
 2455545.18091   5.67625191347                   0.6198895 
  2455615.0372  -3.29408752898                   1.2404593 
 2455704.73597   1.15321054531                   0.5830461 
 2455705.73158  -2.83601259102                   1.0759695 
 2455728.74566  -2.11971645476                   0.6719086 
 2455871.14967  -3.71288006534                   1.0824001 
 2455879.16035  -4.73354398421                   0.9690689 
 2455902.17329  -6.25237712729                    0.984727 
 2455994.97565  -6.82919992062                   0.8728801 
 2455997.02395    -7.453674536                   1.2200366 
 2456318.90621  -5.06075753773                   1.1089374 
 2456640.16409 -0.966556971449                   1.1165166 
