\STAR_ID='HD 185395'
\DATA_CATEGORY='Planet Radial Velocity Curve'
\NUMBER_OF_POINTS='223'
\TIME_REFERENCE_FRAME='HJD'
\MINIMUM_DATE='2452111.84961'
\DATE_UNITS='days'
\MAXIMUM_DATE='2455846.67537'
\MINIMUM_VALUE='-181.0599976'
\VALUE_UNITS='m/s'
\MAXIMUM_VALUE='89.1699982'
\REFERENCE='Howard & Fulton, 2016'
\BIBCODE='2016arXiv160603134H'
\TELESCOPE='3.0m Shane'
\INSTRUMENT='l: Hamilton Spectrograph post-dewar 16 (after November 1994)'
\WAVELENGTH_CALIBRATION_TECHNIQUE='Iodine'
\OBSERVATORY_SITE='Lick Observatory, California'
\COLUMN_RADIAL_VELOCITY='Relative radial velocity'
\COLUMN_RADIAL_VELOCITY_UNCERTAINTY='Uncertainty in RADIAL_VELOCITY'
|          HJD|Radial_Velocity|Radial_Velocity_Uncertainty|
|       double|         double|                     double|
|         days|          m / s|                      m / s|
|         null|           null|                       null|
 2452111.84961    -124.0800018                   4.0900002 
  2452113.9375    -113.3000031                   4.3099999 
 2452115.82537     -101.769516                   3.0399425 
 2452117.81348    -135.0700073                   4.1399999 
 2452120.82519    -162.8300018                   4.0700002 
 2452121.79297    -133.5299988                   3.8499999 
 2452122.82812    -131.7200012                         4.0 
 2452126.81738    -119.1299973                   3.6199996 
 2452127.81852     -114.808075                   2.9912863 
  2452128.7529    -121.6299973                        4.98 
  2452129.7959    -104.9000015                   4.4699998 
 2452136.77164    -111.7962036                    2.927012 
 2452139.74267     -99.4345551                   2.7608833 
 2452140.73528    -118.2138062                   3.1960287 
 2452141.80982      -85.630127                   2.8732867 
 2452142.78647     -96.7615204                   3.4394987 
 2452143.74595     -113.144516                   3.0717957 
 2452144.69696      -98.081192                   3.0281644 
 2452146.72903     -95.0098953                   2.8625541 
 2452147.67653    -100.1737442                   3.2312691 
 2452157.69629     -58.9000015                   4.4899998 
 2452159.67553     -84.0302582                   2.8485889 
 2452160.71191     -85.6500015                   4.1900001 
 2452167.70421     -51.3102837                   3.0543087 
 2452170.73731     -40.9480896                   3.0605724 
 2452171.68555     -44.3700943                   3.3919034 
 2452172.74965     -54.6122017                   2.8366375 
 2452173.65195     -57.7970352                   2.9361849 
 2452180.62985     -36.8377151                   3.4011617 
 2452183.63604     -56.6646843                   3.3174741 
 2452184.62524     -28.2679596                   3.2444878 
 2452185.67695     -32.6634827                   3.1814389 
 2452186.62603     -40.4811859                   3.1006532 
 2452187.69648     -20.7120743                   3.1148369 
 2452195.64667     -35.9191475                   3.2101555 
 2452200.66952     -14.0782137                   3.4108615 
 2452201.61645     -13.2134562                   3.1039813 
 2452204.61623      -4.0675998                   3.2199981 
 2452214.64095     -36.0044022                   3.3722987 
 2452216.65754     -34.1272507                   3.5930963 
 2452218.59928     -63.6462097                    3.563797 
 2452219.64412     -62.4055023                   3.2983048 
 2452220.60702     -58.6194305                   3.4451203 
 2452221.60096     -58.5612793                   3.3444133 
 2452241.61574     -28.1291809                   2.5618632 
 2452251.60352      -3.4100001                   5.6699996 
 2452256.60947        -6.73949                   3.8897433 
 2452267.58301            1.77                   4.5900002 
   2452375.997     -43.2290115                   2.8186986 
 2452380.98629     -30.6010933                   3.1880822 
 2452388.98115      -51.461731                   2.3132746 
 2452408.96318     -16.1821384                   2.2537506 
 2452409.97528     -11.0035248                   3.4505944 
 2452410.97842     -11.3670092                   2.9661551 
 2452427.95777      35.4434547                   2.7046764 
 2452428.92871      37.0400009                        3.97 
 2452429.91602      30.4400005                   3.4900002 
 2452449.91894      66.3700027                   4.5700002 
 2452450.98537       31.717041                   3.3445256 
 2452451.96585      43.0545578                   3.6095257 
 2452474.85639      48.7264023                   2.3987257 
 2452475.85748      44.3678284                   2.1977146 
 2452476.84473      46.5099983                   4.1599998 
 2452477.86193      17.1073322                   1.6260498 
 2452478.85341      16.2123985                   2.0359142 
 2452487.76296      46.3170815                   2.1400597 
 2452488.84878      28.6654072                   2.0386832 
 2452489.70777      25.3886909                   2.0416625 
 2452490.84445      44.7983551                   2.0648162 
 2452491.70822      28.9678802                   2.1159518 
  2452492.8079      40.4550629                   2.5965331 
 2452493.75719      17.3284378                    2.343987 
 2452508.73909      29.4729347                   2.7530305 
 2452509.71497      16.3824768                   2.3405335 
 2452510.68354      42.0356026                   2.2226238 
 2452511.76172           18.25                        3.53 
 2452512.78293      16.6718311                   2.0259457 
 2452514.68154      44.1532173                    1.990067 
 2452516.68474      27.4275742                   2.3598785 
 2452520.71514       35.186348                   2.1407223 
 2452521.66745      46.6266823                   2.1078703 
 2452522.67847      29.4433346                   2.2994843 
 2452523.66711      30.3272953                   2.2569704 
  2452524.6765      43.6608009                   2.0295429 
  2452534.6582      55.7000008                   4.3400002 
 2452540.64941            32.5                   3.6300001 
 2452551.62618      49.8922653                   3.5198877 
 2452552.61719      56.6899986                   4.1599998 
 2452554.61621      37.5099983                   4.3000002 
 2452558.66493       38.061821                   2.1997516 
  2452570.6192       -10.42449                   2.8814015 
 2452574.63379     -15.5799999                        4.27 
 2452576.61035     -20.1000004                   3.3900001 
  2452583.6084     -47.0400009                   4.1300001 
  2452598.5996     -14.7935057                   2.3187895 
 2452599.63743     -38.4359818                   2.5842941 
 2452608.62133     -14.7080708                   2.6988995 
  2452812.9181      83.4560242                    2.766366 
 2452813.90142      28.8984985                    2.746557 
 2452831.90625           -84.5                   3.6199996 
 2452833.88184    -140.8099976                   3.5600002 
 2452834.82335    -116.5999985                        3.77 
  2452841.8291    -143.8600006                   4.5500002 
 2452842.84082    -169.6199951                   4.4400001 
 2452843.83594    -142.6900024                   4.6100006 
 2452853.83106    -113.0199966                   4.8400002 
  2452854.7832    -145.7599945                   3.9400001 
 2452856.78223     -99.3099976                   3.4300001 
 2452894.71094     -86.4400024                        3.77 
 2452895.71875           -65.0                   3.8199999 
  2452896.7168     -69.5899963                        3.71 
 2452897.72656     -87.4199982                   3.6600003 
 2452920.63193      -3.5928061                   2.6068966 
 2452921.63617      -6.6479244                   2.5818572 
 2452967.64904       33.995018                   2.7559762 
 2452990.60547     -28.4400005                        3.51 
 2453108.02148     -51.7799988                   3.8799999 
 2453131.00977    -181.0599976                   3.9000003 
 2453155.89648    -135.3099976                        3.78 
 2453156.93359    -121.2399979                   3.8699999 
 2453157.95312    -132.8699951                        4.04 
 2453161.95104    -119.3347626                   2.6575406 
 2453162.94078     -97.9746628                   2.7711744 
 2453188.94848     -51.6427841                   2.6226516 
 2453200.87109     -13.0600004                        3.74 
 2453203.85887      -3.0764139                   2.7816498 
 2453215.85766       6.1678362                   2.5809107 
 2453217.81957      15.6007957                   2.6710682 
 2453218.81152            16.0                   3.6300001 
 2453219.82324      11.4700003                   3.6500001 
 2453220.85449      40.8600006                   3.8599999 
 2453221.82069      17.7635231                   2.6672988 
 2453236.74982      12.9711151                   2.6265519 
 2453237.75173     -13.7096081                    2.771426 
 2453238.78799      20.4485397                   2.6688254 
 2453239.83078       5.0305614                   2.7081082 
  2453247.6998       9.4024153                   2.7176602 
 2453250.74707      -9.1099997                   3.6800001 
 2453251.74414      17.1200008                        3.77 
 2453259.68216      14.3485279                   2.8304734 
 2453280.69922      26.3999996                   4.7199998 
 2453281.62012      17.4599991                        3.48 
 2453282.61621      25.6399994                   4.4099998 
 2453284.67711      26.1732121                   3.0829613 
 2453512.96577     -84.6993713                   2.8954406 
 2453514.99963     -87.1778564                   2.9227369 
 2453515.99932     -98.0638428                   3.2569346 
 2453516.97663     -77.0800018                   3.8099997 
 2453523.96223     -77.2300034                   4.2600002 
  2453543.9016     -29.4781075                   2.9700496 
 2453544.87274      -9.9828081                   2.9307976 
 2453545.95236     -36.4317093                   2.6758587 
 2453553.84281     -15.3158369                   2.9727564 
 2453554.82416       7.0947723                   2.9553003 
 2453555.86319     -14.2684364                   2.8836739 
 2453556.80683      -9.8176517                   2.7782552 
 2453557.83229      11.7060795                   2.9790399 
 2453558.82373      -6.2799678                   2.8564754 
 2453559.83405       2.8768411                   2.8176706 
 2453560.83874      20.9194336                   2.7824585 
 2453561.81948      -4.9482632                    2.974329 
 2453564.76043      10.3173256                   3.0168629 
 2453565.81137      -1.7304406                   2.9932327 
 2453566.82804      22.9555855                   2.9975076 
 2453570.83239      32.1901131                   2.8089881 
 2453588.73689      22.8787727                   3.1012766 
 2453588.89868      22.4419327                   3.3781734 
 2453589.74106      50.0739288                   3.1451497 
 2453589.89998      35.3262177                   3.3830571 
 2453590.69801       5.5999999                   4.9400001 
  2453590.8266      30.9695511                   3.3545456 
 2453591.72937      12.0052986                   3.2675672 
 2453592.69139      21.0499992                   4.3899999 
 2453592.77748      38.9099998                   4.5799999 
  2453593.6959      16.7299995                   4.2800002 
 2453594.86361      13.3900003                        3.95 
 2453595.70492      26.0300007                   4.3699999 
 2453595.79212      35.0099983                   4.6500001 
 2453596.72135      13.4175978                   3.1075835 
 2453596.86366      -6.1900001                   5.1700001 
 2453597.77652      33.6509171                   3.1307487 
 2453636.66739    -116.2325897                   2.6016917 
 2453637.69332     -84.3199997                   4.1199999 
 2453668.62655     -31.2900009                   3.9200001 
 2453866.92615      64.4520416                   2.8308439 
 2453867.86589      65.5125885                   2.8775079 
 2453868.86789      78.2443237                   2.6209872 
 2453869.95715       73.170311                   3.2210591 
 2453896.88707     -40.0657578                   2.7011201 
  2453924.8339     -92.3519287                   2.7830827 
 2453953.79217     -17.1122494                   2.9846478 
 2453955.83638     -16.4445038                   3.0098405 
 2453957.80727     -13.7723179                   2.8621068 
 2453958.71833       3.7010489                   2.6681886 
 2454253.96698     -71.6503754                    2.354013 
 2454254.86173     -64.2067108                   2.7502091 
 2454310.85084      77.7024918                   2.6566892 
  2454373.6847     -39.2126999                   2.8166962 
 2454374.68451     -38.5447388                    2.605624 
  2454574.9741     -29.7999992                   3.5699999 
 2454579.02088     -16.5549412                   3.2113724 
 2454598.96715      38.9900017                   5.8499999 
 2454606.97268      48.3981628                   2.8502431 
 2454612.94882      52.4484444                   2.9998634 
 2454613.92438      68.3216782                   3.6665294 
 2454622.92369      82.1671982                    1.702877 
 2454622.98814      88.8499985                   4.3899999 
 2454623.89904      89.1699982                   3.9300003 
 2454672.81295      78.9334946                   1.9151791 
  2454694.8196     -41.3252411                   2.4653711 
 2454695.94483      -8.8613148                    2.388382 
 2454696.90139     -18.0285549                   2.3566105 
 2454697.84071     -52.3088188                   2.2492099 
 2454698.88901     -29.5074787                   2.3798563 
 2454722.76397       2.1712189                   2.4902124 
  2454723.7974      12.0390072                   2.2717872 
 2454725.79778        4.850739                   2.7258897 
  2455059.7998      73.5100021                        6.79 
 2455106.65965      22.2900009                   7.4899998 
 2455128.62397      33.0499992                   6.4000001 
 2455171.60626      55.7154007                   4.9442797 
 2455438.83491       -0.106302                   2.8106894 
 2455846.67537      39.0600014                   5.0799999 
