\STAR_ID='HD 168723'
\DATA_CATEGORY='Planet Radial Velocity Curve'
\NUMBER_OF_POINTS='47'
\TIME_REFERENCE_FRAME='HJD'
\MINIMUM_DATE='2448780.91641'
\DATE_UNITS='days'
\MAXIMUM_DATE='2453220.81554'
\MINIMUM_VALUE='-19.0955601'
\VALUE_UNITS='m/s'
\MAXIMUM_VALUE='29.2567558'
\REFERENCE='Howard & Fulton, 2016'
\BIBCODE='2016arXiv160603134H'
\TELESCOPE='10m Keck I'
\INSTRUMENT='k: pre-upgrade Keck HIRES (on or before August 19 2004)'
\WAVELENGTH_CALIBRATION_TECHNIQUE='Iodine'
\OBSERVATORY_SITE='Mauna Kea, Hawaii'
\COLUMN_RADIAL_VELOCITY='Relative radial velocity'
\COLUMN_RADIAL_VELOCITY_UNCERTAINTY='Uncertainty in RADIAL_VELOCITY'
|          HJD|Radial_Velocity|Radial_Velocity_Uncertainty|
|       double|         double|                     double|
|         days|          m / s|                      m / s|
|         null|           null|                       null|
 2448780.91641      -8.1795425                   5.1050067 
 2448800.85316       5.1741629                   5.4454722 
  2448801.8359      17.7457275                   7.5264006 
 2448833.79124     -15.7870426                    5.220552 
  2448846.7942      -3.5273795                   7.2007227 
  2448855.6924     -19.0955601                   6.3403792 
 2448891.67222      -9.6861296                   4.9647369 
  2449124.9222      -1.3490696                   7.2119551 
 2449587.72123     -17.4776173                   5.0018892 
  2449601.6723       1.9882097                    7.053369 
 2449783.06973       2.8426604                   3.2696607 
 2449857.90258       -1.414253                   2.2581742 
 2449859.95801      29.2567558                   4.9943686 
 2449871.91711       7.2269721                   2.4304361 
 2449892.85227      24.3002472                    2.787137 
 2449956.66403      12.9591064                    2.162605 
 2450188.02246      -3.4488113                   2.9618237 
 2450200.96612       7.7702274                   2.2246516 
 2450613.87695     -12.4444857                   3.8702343 
 2450656.84473      -2.7687013                   4.4825749 
 2451014.80371      -9.2022696                   4.3998852 
 2451049.70898       3.0185695                     4.44315 
 2451377.80976       1.7937951                   2.5764668 
 2451379.84505       2.3028493                     2.90764 
 2451380.85806      20.3490639                   2.9439685 
 2451387.77197        3.967129                   2.7607245 
 2451389.82439       5.0502524                   3.2983615 
 2451446.62598       9.8251247                   4.4342399 
 2451629.03759       9.1221142                   1.4945672 
 2451752.78809       0.5130012                   3.9966273 
 2451814.62695      -1.4910042                    4.080606 
 2452001.03027       -1.008245                   4.0888939 
 2452073.83261       2.8584538                   2.7856605 
 2452142.70953      11.3117113                   2.6131783 
 2452147.70836      10.2010384                   2.6487103 
 2452449.87891       0.5172286                   5.3655739 
 2453121.99805      -1.0752802                   3.6735582 
 2453122.99414      -0.9967604                     3.54919 
 2453123.99316       8.6499119                   3.6189084 
 2453125.00977      10.2775955                   3.6398668 
 2453125.99987       6.4416556                   2.4702268 
 2453131.96484      19.2320137                   3.6117613 
 2453135.00586      12.5485582                   3.8475771 
 2453150.94455      13.1900043                   2.0856574 
 2453188.87091      13.7631121                   1.8900883 
 2453201.84234       0.4044449                    1.831602 
 2453220.81554       6.6378927                   1.9943765 
