\STAR_ID='HD 19373'
\DATA_CATEGORY='Planet Radial Velocity Curve'
\NUMBER_OF_POINTS='71'
\TIME_REFERENCE_FRAME='HJD'
\MINIMUM_DATE='2447046.945'
\DATE_UNITS='days'
\MAXIMUM_DATE='2449604.0311'
\MINIMUM_VALUE='-22.3799991608'
\VALUE_UNITS='m/s'
\MAXIMUM_VALUE='24.6900005341'
\REFERENCE='Howard & Fulton, 2016'
\BIBCODE='2016arXiv160603134H'
\TELESCOPE='3.0m Shane'
\INSTRUMENT='p: Hamilton Spectrograph dewar 16 (prior to November 1994)'
\WAVELENGTH_CALIBRATION_TECHNIQUE='Iodine'
\OBSERVATORY_SITE='Lick Observatory, California'
\COLUMN_RADIAL_VELOCITY='Relative radial velocity'
\COLUMN_RADIAL_VELOCITY_UNCERTAINTY='Uncertainty in RADIAL_VELOCITY'
|          HJD|Radial_Velocity|Radial_Velocity_Uncertainty|
|       double|         double|                     double|
|         days|          m / s|                      m / s|
|         null|           null|                       null|
   2447046.945  -4.59999990463                        7.54 
  2447093.7963  -6.30000019073                  11.0500002 
 2447149.91659   22.4099998474                  10.3699999 
 2447194.71088   15.6400003433                   7.9300003 
 2447223.68569   22.4400005341                   6.4699998 
 2447374.00268  -3.15000009537                        4.29 
 2447374.99046  -22.3799991608                   4.9000001 
  2447389.9584   7.01999998093                   7.4200001 
  2447391.0008   8.19999980927                   8.3900003 
  2447391.9814   1.87000000477                   7.0700002 
  2447393.0031   5.28999996185                   7.4399996 
  2447393.9391   9.84000015259                   7.7599998 
  2447394.9561   9.93999958038                   6.9199996 
 2447430.90965  -1.13999998569                   4.1599998 
  2447431.8264   2.68000006676                   7.1099997 
 2447578.66094   10.9799995422                   7.3699994 
  2447793.0042   6.82000017166                   8.3500004 
  2447793.9018   22.3099994659                  10.3999987 
   2447845.853  -4.21999979019                   9.4099998 
  2447846.9382   14.1400003433                  10.5699997 
  2447919.6528   14.5699996948                  13.6699991 
 2447964.62463   24.6900005341                  10.3699999 
 2448113.99544   10.8900003433                   7.0000005 
  2448200.8145   21.9799995422                   9.9799995 
 2448648.76145   24.5499992371                        8.96 
  2448857.0135   7.46000003815                        6.75 
 2448857.94391  -1.25999999046                   5.4000001 
 2448892.02621   5.80999994278                   5.7199998 
  2448895.9625   12.3199996948                   8.0799999 
  2448899.9431             3.0                   7.7800002 
  2448900.9271  -2.90000009537                   8.1300001 
  2448901.9896   10.8800001144                   9.6700001 
  2448902.9875   5.82000017166                   8.6800003 
  2448903.9885   13.7100000381                  22.0499992 
  2448904.9981   7.36000013351                   9.1599998 
 2448934.85158  0.990000009537                        6.54 
  2449030.7053   13.9799995422                  15.0799999 
  2449031.6344  -3.54999995232                  12.6199999 
  2449032.6503   6.28000020981                  12.0100012 
  2449033.6486   9.65999984741                  11.3399992 
  2449212.9699   1.87999999523                        7.75 
  2449213.9944   3.83999991417                   7.0000005 
   2449216.963  -1.15999996662                   9.2200012 
  2449217.9726 -0.670000016689                   8.1300001 
  2449218.9834   2.01999998093                   8.8299999 
  2449219.9657   3.61999988556                        7.52 
  2449220.9745            3.25                   7.2199998 
   2449221.978  -7.55999994278                        7.48 
  2449222.9851           -8.25                   6.8699999 
  2449223.9677  -8.60999965668                   6.3000002 
  2449224.9807            2.25                   7.6199994 
  2449225.9697  -1.35000002384                   6.6900001 
  2449255.9398   4.07999992371                   6.7800002 
  2449269.0073   10.8500003815                   9.9399996 
  2449278.0118   5.67999982834                  10.2200003 
  2449279.9423   11.4200000763                   9.8800001 
 2449299.79037  -11.8599996567                   8.1300001 
  2449566.9724   6.63000011444                   7.7700005 
  2449567.9483  -9.43000030518                   9.3500004 
  2449568.9022   8.56999969482                   9.1800003 
  2449569.9417   5.98000001907                   7.7700005 
  2449570.9478   11.3599996567                   9.3900003 
  2449571.9494   1.37999999523                   7.1399999 
  2449572.9375   5.26999998093                   8.4499998 
  2449573.9011   6.19000005722                   7.7300005 
  2449574.9411   4.21999979019                   7.5099998 
  2449575.8993   22.8600006104                   8.6499996 
  2449576.9571   1.12999999523                   8.8599997 
  2449602.0186   9.59000015259                   7.8600006 
   2449603.031  -2.52999997139                   8.6199999 
  2449604.0311   7.36000013351                   7.3400002 
