\STAR_ID                                  = "Theta Cyg"
\DATA_CATEGORY                            = "Planet Radial Velocity Curve"
\NUMBER_OF_POINTS                         = "162"
\TIME_REFERENCE_FRAME                     = "JD"
\MINIMUM_DATE                             = "2454051.248952"
\DATE_UNITS                               = "days"
\MAXIMUM_DATE                             = "2454822.205764"
\MINIMUM_VALUE                            = "-173.50"
\VALUE_UNITS                              = "m/s"
\MAXIMUM_VALUE                            = "85.00"
\REFERENCE                                = "Desort et al. 2009 (A&A, 506, 1469)"
\BIBCODE                                  = "2009A&A...506.1469D"
\TELESCOPE                                = "1.93m"
\INSTRUMENT                               = "SOPHIE"
\WAVELENGTH_CALIBRATION_TECHNIQUE         = "Thorium Argon"
\OBSERVATORY_SITE                         = "Observatoire de Haute Provence (OHP), France"
\COLUMN_JD                                = "Julian date of observation"
\COLUMN_RADIAL_VELOCITY                   = "Radial velocity relative to barycenter"
\COLUMN_RADIAL_VELOCITY_UNCERTAINTY       = "Uncertainty in RADIAL_VELOCITY"
|             JD | Radial_Velocity | Radial_Velocity_Uncertainty |
|         double |          double |                      double |
|           days |             m/s |                         m/s |
  2454051.248952            -84.80                          6.40
  2454051.258708            -92.40                          6.40
  2454080.214859           -112.20                          6.40
  2454080.216919           -118.90                          6.40
  2454087.224469           -165.60                          6.40
  2454087.226876           -168.60                          6.40
  2454088.224001           -167.30                          6.40
  2454088.226420           -173.50                          6.40
  2454089.227735           -152.90                          6.40
  2454089.230224           -166.90                          6.40
  2454183.679363             85.00                          6.40
  2454183.682581             78.30                          6.40
  2454184.670949             73.50                          6.40
  2454184.673959             64.90                          6.40
  2454187.671892             56.40                          6.40
  2454188.664487             65.60                          6.40
  2454188.667138             64.60                          6.40
  2454189.654872             78.60                          6.40
  2454189.657279             75.70                          6.40
  2454190.637004             82.80                          6.40
  2454190.639412             81.80                          6.40
  2454192.641086             76.00                          6.40
  2454192.644894             81.00                          6.40
  2454231.587843            -71.90                          6.40
  2454233.600307           -136.30                          6.40
  2454260.610690           -100.70                          6.40
  2454260.611732            -94.90                          6.40
  2454261.597189           -120.60                          6.40
  2454261.598196           -108.70                          6.40
  2454264.572507            -91.80                          6.40
  2454264.573538            -89.90                          6.40
  2454302.494683             22.30                          6.40
  2454308.396387             43.80                          6.40
  2454308.399304             44.00                          6.40
  2454310.485802             51.60                          6.40
  2454310.491856             47.30                          6.40
  2454312.430342             54.10                          6.40
  2454312.435735             55.30                          6.40
  2454314.458617             70.80                          6.40
  2454314.462391             70.20                          6.40
  2454328.454122             51.50                          6.40
  2454328.456761             55.80                          6.40
  2454331.447861             68.90                          6.40
  2454331.449331             65.70                          6.40
  2454332.354940             59.90                          6.40
  2454332.358921             53.10                          6.40
  2454336.445516             53.60                          6.40
  2454337.471747             54.60                          6.40
  2454337.473495             61.20                          6.40
  2454338.400813             64.60                          6.40
  2454338.402156             55.70                          6.40
  2454339.396430             49.70                          6.40
  2454339.399080             64.20                          6.40
  2454344.416887             62.50                          6.40
  2454344.419109             63.40                          6.40
  2454347.424210             54.70                          6.40
  2454347.426420             50.30                          6.40
  2454352.322667             14.00                          6.40
  2454352.324022              8.00                          6.40
  2454363.299659            -28.80                          6.40
  2454364.313237            -28.30                          6.40
  2454365.292347            -16.00                          6.40
  2454367.298621            -63.50                          6.40
  2454371.315919            -42.70                          6.40
  2454371.317621            -51.10                          6.40
  2454376.351957            -74.50                          6.40
  2454376.352929            -63.30                          6.40
  2454380.437978            -57.80                          6.40
  2454381.455159            -83.60                          6.40
  2454381.457578            -81.90                          6.40
  2454405.241792            -77.60                          6.40
  2454405.243505            -63.70                          6.40
  2454408.225081            -63.60                          6.40
  2454408.226805            -56.90                          6.40
  2454409.224595            -95.60                          6.40
  2454409.226296            -90.80                          6.40
  2454410.259061            -59.60                          6.40
  2454410.260010            -62.80                          6.40
  2454413.358583            -41.20                          6.40
  2454413.360064            -30.40                          6.40
  2454419.304532              1.70                          6.40
  2454422.290470              0.50                          6.40
  2454422.291593              3.20                          6.40
  2454432.251194            -13.10                          6.40
  2454432.252143             -9.90                          6.40
  2454435.223711              9.30                          6.40
  2454435.224660              7.90                          6.40
  2454462.214211             73.00                          6.40
  2454464.208435             81.40                          6.40
  2454479.235921             59.70                          6.40
  2454479.239729             65.00                          6.40
  2454544.648046           -107.00                          6.40
  2454544.649631           -108.80                          6.40
  2454545.659272            -91.90                          6.40
  2454545.661182            -93.80                          6.40
  2454584.543404            -31.00                          6.40
  2454594.530121             -9.30                          6.40
  2454602.585581             28.10                          6.40
  2454602.588938             18.60                          6.40
  2454618.586075             49.20                          6.40
  2454666.491955             68.90                          6.40
  2454666.493680             60.90                          6.40
  2454667.485012             65.50                          6.40
  2454667.486042             55.10                          6.40
  2454688.400942            -20.50                          6.40
  2454688.402192            -18.40                          6.40
  2454701.367495            -41.50                          6.40
  2454726.390628            -12.60                          6.40
  2454726.391901            -15.30                          6.40
  2454735.374557             35.70                          6.40
  2454754.272729             -4.70                          6.40
  2454754.273713             -0.30                          6.40
  2454754.274674             -0.70                          6.40
  2454754.275646              2.90                          6.40
  2454754.276607             -1.50                          6.40
  2454754.277614              1.30                          6.40
  2454754.278586            -20.20                          6.40
  2454754.279558             -3.40                          6.40
  2454754.280530              3.10                          6.40
  2454754.281491             -6.60                          6.40
  2454754.282475             -1.30                          6.40
  2454754.283435            -10.80                          6.40
  2454754.284396            -11.20                          6.40
  2454754.285380            -11.80                          6.40
  2454754.286340             -6.20                          6.40
  2454754.287370              4.60                          6.40
  2454754.288342              3.80                          6.40
  2454754.289303             -0.50                          6.40
  2454754.290287             11.70                          6.40
  2454754.291259              1.20                          6.40
  2454754.292208            -11.50                          6.40
  2454754.293192             -5.40                          6.40
  2454754.294152             10.70                          6.40
  2454754.295136             -1.00                          6.40
  2454754.296108              9.50                          6.40
  2454754.297092             -1.90                          6.40
  2454754.298064             -2.90                          6.40
  2454754.299037            -11.30                          6.40
  2454754.300009              1.80                          6.40
  2454754.300981             -4.70                          6.40
  2454754.301953             -7.70                          6.40
  2454754.302948             -2.20                          6.40
  2454754.303909             -3.10                          6.40
  2454754.304893             -9.40                          6.40
  2454754.305888             -6.70                          6.40
  2454754.306860            -11.20                          6.40
  2454754.307821             -5.80                          6.40
  2454754.308782             -9.30                          6.40
  2454754.309800             -6.90                          6.40
  2454754.310772              0.80                          6.40
  2454754.311733             -8.70                          6.40
  2454754.312728            -13.70                          6.40
  2454754.313700             -6.60                          6.40
  2454754.314684             -7.10                          6.40
  2454754.315656             -7.80                          6.40
  2454754.316629             -3.00                          6.40
  2454767.269654             35.90                          6.40
  2454767.271205             35.50                          6.40
  2454809.218533            -38.30                          6.40
  2454809.219528            -42.70                          6.40
  2454822.204538           -113.30                          6.40
  2454822.205764           -110.30                          6.40
