\STAR_ID                                  = "51 Peg"
\DATA_CATEGORY                            = "Planet Radial Velocity Curve"
\NUMBER_OF_POINTS                         = "153"
\TIME_REFERENCE_FRAME                     = "JD"
\MINIMUM_DATE                             = "2449610.5268"
\DATE_UNITS                               = "days"
\MAXIMUM_DATE                             = "2452887.5339"
\MINIMUM_VALUE                            = "-33332.00"
\VALUE_UNITS                              = "m/s"
\MAXIMUM_VALUE                            = "-33167.00"
\REFERENCE                                = "Naef et al. 2004 (A&A, 414, 351)"
\BIBCODE                                  = "2004A&A...414..351N"
\TELESCOPE                                = "1.93m"
\INSTRUMENT                               = "ELODIE"
\WAVELENGTH_CALIBRATION_TECHNIQUE         = "Thorium Argon"
\OBSERVATORY_SITE                         = "Observatoire de Haute Provence (OHP), France"
\COLUMN_RADIAL_VELOCITY                   = "Radial velocity relative to barycenter"
\COLUMN_RADIAL_VELOCITY_UNCERTAINTY       = "Uncertainty in RADIAL_VELOCITY"
|           JD | Radial_Velocity | Radial_Velocity_Uncertainty |
|       double |          double |                      double |
|         days |             m/s |                         m/s |
  2449610.5268         -33258.00                          9.00
  2449612.4657         -33225.00                          9.00
  2449655.3067         -33272.00                          7.00
  2449728.2289         -33310.00                          7.00
  2449729.2266         -33248.00                          7.00
  2449730.2367         -33196.00                          8.00
  2449739.2682         -33221.00                          8.00
  2449750.2491         -33249.00                          8.00
  2449751.2471         -33233.00                          9.00
  2449753.2480         -33313.00                          8.00
  2449755.2534         -33187.00                          7.00
  2449765.2616         -33283.00                          8.00
  2449766.2602         -33314.00                          8.00
  2449766.2690         -33318.00                          8.00
  2449767.2594         -33233.00                          8.00
  2449903.5400         -33185.00                          8.00
  2449903.5488         -33190.00                          7.00
  2449904.5722         -33227.00                          7.00
  2449906.5974         -33256.00                          7.00
  2449906.6036         -33258.00                          7.00
  2449907.5560         -33167.00                          7.00
  2449908.5876         -33213.00                          7.00
  2449909.5704         -33299.00                          7.00
  2449910.5872         -33270.00                          9.00
  2449910.5984         -33266.00                          7.00
  2449969.3782         -33294.00                          7.00
  2449969.5823         -33290.00                          7.00
  2449970.4281         -33215.00                          7.00
  2449970.6222         -33209.00                          7.00
  2449971.4353         -33189.00                          7.00
  2449971.6131         -33212.00                          8.00
  2449972.3454         -33262.00                          7.00
  2449972.3521         -33269.00                          7.00
  2449974.3930         -33245.00                          8.00
  2449975.4237         -33200.00                          7.00
  2449976.4366         -33250.00                          7.00
  2449976.5922         -33276.00                          7.00
  2450021.2859         -33223.00                          7.00
  2450021.4437         -33224.00                          7.00
  2450022.3597         -33190.00                          7.00
  2450022.4538         -33210.00                          7.00
  2450023.2911         -33278.00                          7.00
  2450023.4251         -33282.00                          7.00
  2450023.4376         -33290.00                          7.00
  2450024.3059         -33310.00                          7.00
  2450024.4243         -33308.00                          7.00
  2450025.2538         -33238.00                          7.00
  2450025.4473         -33233.00                          7.00
  2450026.2852         -33215.00                          9.00
  2450026.4366         -33198.00                          8.00
  2450027.3954         -33238.00                          7.00
  2450027.4389         -33280.00                          7.00
  2450028.2865         -33320.00                          7.00
  2450028.3399         -33316.00                          7.00
  2450061.2777         -33294.00                          7.00
  2450062.2532         -33332.00                          7.00
  2450063.2506         -33292.00                          7.00
  2450070.2670         -33296.00                          8.00
  2450090.2525         -33222.00                          9.00
  2450091.2211         -33277.00                          7.00
  2450264.5921         -33273.00                          8.00
  2450265.5978         -33292.00                          7.00
  2450268.6023         -33253.00                          7.00
  2450324.4800         -33291.00                          7.00
  2450324.4964         -33289.00                          7.00
  2450325.4563         -33254.00                          7.00
  2450325.5858         -33250.00                          7.00
  2450326.4458         -33191.00                          7.00
  2450327.4538         -33218.00                          7.00
  2450328.4810         -33286.00                          7.00
  2450328.4954         -33288.00                          7.00
  2450329.4822         -33267.00                          7.00
  2450380.3506         -33272.00                          7.00
  2450381.3543         -33208.00                          7.00
  2450382.3684         -33232.00                          7.00
  2450383.3407         -33296.00                          7.00
  2450384.3185         -33294.00                          7.00
  2450385.3355         -33206.00                          7.00
  2450447.2301         -33309.00                          9.00
  2450448.2303         -33252.00                          7.00
  2450474.2348         -33208.00                          7.00
  2450475.2466         -33213.00                          7.00
  2450476.2687         -33305.00                          7.00
  2450675.5645         -33300.00                          7.00
  2450677.5984         -33187.00                          9.00
  2450678.5717         -33218.00                          7.00
  2450681.5160         -33194.00                          7.00
  2450700.5215         -33305.00                          7.00
  2450702.4976         -33227.00                          7.00
  2450703.4754         -33202.00                          7.00
  2450730.4311         -33294.00                          7.00
  2450731.4058         -33274.00                          7.00
  2450736.3500         -33220.00                          8.00
  2450766.3084         -33213.00                          7.00
  2450770.2940         -33222.00                          8.00
  2450773.3718         -33317.00                          7.00
  2450795.2702         -33255.00                          8.00
  2450822.2472         -33247.00                          7.00
  2450823.2515         -33310.00                          7.00
  2450824.2428         -33307.00                          7.00
  2451023.6254         -33250.00                          7.00
  2451026.5557         -33288.00                          8.00
  2451053.5191         -33220.00                          8.00
  2451058.5707         -33197.00                          7.00
  2451088.4154         -33213.00                          7.00
  2451118.3504         -33227.00                          7.00
  2451158.2423         -33313.00                          7.00
  2451390.5824         -33305.00                          8.00
  2451391.6110         -33242.00                          7.00
  2451392.5997         -33191.00                          7.00
  2451417.4959         -33210.00                          7.00
  2451418.4711         -33197.00                          7.00
  2451420.4989         -33291.00                          8.00
  2451423.5447         -33260.00                          7.00
  2451438.4669         -33224.00                          7.00
  2451442.4796         -33252.00                          7.00
  2451466.4114         -33286.00                          7.00
  2451467.4121         -33285.00                          7.00
  2451505.3236         -33297.00                          8.00
  2451510.3503         -33243.00                          7.00
  2451781.5320         -33201.00                          7.00
  2451782.4879         -33207.00                          7.00
  2451783.5073         -33276.00                          7.00
  2451783.5442         -33277.00                          8.00
  2451784.5082         -33297.00                          8.00
  2451785.5730         -33227.00                          7.00
  2451786.5097         -33193.00                          7.00
  2451803.4620         -33215.00                          7.00
  2451882.2379         -33292.00                          8.00
  2452111.5881         -33199.00                          7.00
  2452114.6031         -33296.00                          7.00
  2452115.6032         -33214.00                          7.00
  2452116.5952         -33192.00                          7.00
  2452117.5246         -33262.00                          7.00
  2452136.5761         -33223.00                          7.00
  2452137.5644         -33175.00                          7.00
  2452158.5288         -33194.00                          7.00
  2452159.5751         -33258.00                          7.00
  2452160.5717         -33315.00                          7.00
  2452197.4041         -33220.00                          7.00
  2452198.3617         -33304.00                          7.00
  2452217.4169         -33216.00                          7.00
  2452250.3148         -33283.00                          8.00
  2452488.5851         -33194.00                          7.00
  2452532.5080         -33308.00                          8.00
  2452533.5047         -33308.00                          8.00
  2452561.3035         -33250.00                          7.00
  2452565.4601         -33232.00                          7.00
  2452612.3548         -33266.00                          8.00
  2452833.6049         -33315.00                          7.00
  2452852.6161         -33196.00                          7.00
  2452858.5822         -33300.00                          8.00
  2452887.5339         -33275.00                          7.00
