\STAR_ID='HD 10476'
\DATA_CATEGORY='Planet Radial Velocity Curve'
\NUMBER_OF_POINTS='49'
\TIME_REFERENCE_FRAME='HJD'
\MINIMUM_DATE='2449680.715'
\DATE_UNITS='days'
\MAXIMUM_DATE='2455846.80753'
\MINIMUM_VALUE='-18.2900009155'
\VALUE_UNITS='m/s'
\MAXIMUM_VALUE='14.3299999237'
\REFERENCE='Howard & Fulton, 2016'
\BIBCODE='2016arXiv160603134H'
\TELESCOPE='3.0m Shane'
\INSTRUMENT='l: Hamilton Spectrograph post-dewar 16 (after November 1994)'
\WAVELENGTH_CALIBRATION_TECHNIQUE='Iodine'
\OBSERVATORY_SITE='Lick Observatory, California'
\COLUMN_RADIAL_VELOCITY='Relative radial velocity'
\COLUMN_RADIAL_VELOCITY_UNCERTAINTY='Uncertainty in RADIAL_VELOCITY'
|          HJD|Radial_Velocity|Radial_Velocity_Uncertainty|
|       double|         double|                     double|
|         days|          m / s|                      m / s|
|         null|           null|                       null|
   2449680.715  -5.40000009537                   4.4000001 
  2449970.9536   4.32999992371                        1.53 
 2449984.91382             5.0                   2.0599999 
 2450088.75195   4.21000003815                        2.46 
  2450091.6709  -6.88000011444                         1.9 
 2450301.00488   8.18999958038                   1.9399999 
 2450326.91992  0.419999986887                        1.85 
 2450327.93848             0.0                   2.1099999 
 2450421.80859   1.26999998093                   2.3800001 
 2450437.75879   6.48999977112                        2.21 
 2450441.74989   5.69999980927                   1.5099999 
 2450640.99121   2.15000009537                   1.8599999 
 2450656.95117   5.67000007629                   1.9299999 
  2450793.7207   4.05999994278                        2.05 
 2451131.81738   7.71999979019                        3.03 
  2451155.7041   5.90000009537                         3.3 
 2451175.67871   9.61999988556                   3.1500001 
 2451446.95312   4.01999998093                   2.9100001 
 2451447.93945  -3.88000011444                   3.2599998 
  2451752.9707   14.3299999237                        2.76 
 2452120.96981   10.1499996185                        2.03 
 2452121.91992   6.98000001907                   2.4100001 
 2452122.94922   10.5399999619                   2.6099999 
 2452128.94803   10.1300001144                        2.79 
 2452129.93399   5.09999990463                   2.3299999 
 2452158.94238 -0.790000021458                   3.0799999 
 2452159.91504   1.70000004768                        2.76 
  2452267.6621  -11.4300003052                        1.52 
 2452508.95405  -18.2900009155                        1.13 
  2452509.8664  -13.2600002289                   1.3200002 
 2452511.98055  -18.1000003815                   1.4400001 
 2452513.94945  -9.77999973297                   1.4400001 
 2452896.89453  -10.3999996185                   2.3099999 
 2452921.82811  -6.92000007629                        1.25 
 2453021.67487  -1.73000001907                   2.8800001 
 2453248.00684  -8.81999969482                   2.3299999 
 2453282.96387  -1.78999996185                   2.1700001 
 2453387.62456   7.42000007629                   2.9100001 
  2453390.6663   10.2299995422                   3.1300004 
 2453392.65197   14.0799999237                        2.77 
 2453593.99484  -3.48000001907                         2.7 
 2453954.94495  0.019999999553                        2.46 
  2454135.6482  -9.52999973297                        1.34 
 2454425.73722  -15.3599996567                   2.3399999 
 2454784.70676           -3.75                   2.3199999 
 2454844.64476   8.73999977112                   1.9200001 
 2455843.89899  0.569999992847                        4.54 
 2455844.86243  -1.51999998093                   2.9300001 
 2455846.80753   4.36999988556                   2.4000001 
