\STAR_ID='HD 161797'
\DATA_CATEGORY='Planet Radial Velocity Curve'
\NUMBER_OF_POINTS='132'
\TIME_REFERENCE_FRAME='HJD'
\MINIMUM_DATE='2449769.1013'
\DATE_UNITS='days'
\MAXIMUM_DATE='2455846.64098'
\MINIMUM_VALUE='-555.219970703'
\VALUE_UNITS='m/s'
\MAXIMUM_VALUE='561.219970703'
\REFERENCE='Howard & Fulton, 2016'
\BIBCODE='2016arXiv160603134H'
\TELESCOPE='3.0m Shane'
\INSTRUMENT='l: Hamilton Spectrograph post-dewar 16 (after November 1994)'
\WAVELENGTH_CALIBRATION_TECHNIQUE='Iodine'
\OBSERVATORY_SITE='Lick Observatory, California'
\COLUMN_RADIAL_VELOCITY='Relative radial velocity'
\COLUMN_RADIAL_VELOCITY_UNCERTAINTY='Uncertainty in RADIAL_VELOCITY'
|          HJD|Radial_Velocity|Radial_Velocity_Uncertainty|
|       double|         double|                     double|
|         days|          m / s|                      m / s|
|         null|           null|                       null|
  2449769.1013   561.219970703                   5.1300001 
  2449803.0459    543.33001709                        1.99 
 2449858.89628   526.601745605                   1.4770414 
 2449871.89906   534.102416992                   1.3925158 
  2450173.0293   496.010009766                   1.6899999 
 2450187.98802   492.856445312                   1.3012245 
 2450199.99782    492.16809082                   1.3060849 
 2450298.72363   477.329986572                   1.7899998 
 2450503.07324           443.5                   1.9200001 
 2450610.94727   429.570007324                   1.6899999 
 2450614.82519   422.739990234                   1.9299999 
 2450640.79785   426.549987793                        2.01 
 2450656.77148   421.790008545                   2.0699999 
 2450926.01497   378.214935303                   1.5100894 
 2450976.89453   369.570007324                   2.9100001 
 2451045.73242   370.779998779                        2.24 
 2451299.90723   328.329986572                   2.1199999 
 2451337.81445   321.660003662                   2.1600001 
 2451351.81445   313.339996338                        2.26 
 2451352.80469   313.440002441                        2.26 
 2451354.79688   318.769989014                   2.5999997 
 2451372.80078   308.170013428                        3.04 
 2451374.79492          304.25                   2.9000001 
 2451375.79785   312.109985352                   2.6700001 
 2451407.70703   307.820007324                        2.29 
 2451409.75781   308.959991455                        1.87 
 2451417.66211   302.589996338                   3.2599998 
 2451418.71582   308.890014648                         2.5 
 2451419.65234   304.279998779                        2.29 
 2451572.09082   282.630004883                   3.4399998 
 2451573.08398   281.160003662                   2.9000001 
 2451628.04051   278.718292236                   1.0517058 
 2451654.00977   270.660003662                        2.23 
 2451654.98926   265.670013428                   2.6300004 
 2451656.00586   267.309997559                   2.4800003 
 2451678.91602   268.660003662                   2.4300001 
 2451682.87598   270.989990234                   2.6700001 
 2451683.94141   262.380004883                   2.6300004 
 2451684.91504   259.920013428                   2.7500002 
 2451685.95996   251.509994507                   2.9100001 
 2451699.85059   258.179992676                   2.3399999 
 2451706.86523    250.63999939                        2.78 
 2451707.83594   257.140014648                   3.4300001 
 2451738.78516   252.630004883                   2.4200001 
 2451739.68359   263.480010986                   2.4000001 
 2451742.74902   254.259994507                        2.25 
 2451744.78809   253.949996948                        2.29 
 2451745.81348           250.5                   2.3299999 
 2451746.74805   251.289993286                   2.3099999 
 2451778.70019    250.86000061                   2.1500001 
 2451779.67188   254.190002441                   2.1500001 
 2451780.71289   250.820007324                        2.03 
 2451781.73438   247.490005493                        2.27 
 2451782.72949           252.0                         2.0 
  2451783.7207   248.100006104                        2.04 
 2451807.66894    238.63999939                         2.2 
 2451808.69531   241.309997559                   2.3299999 
 2451811.69727   241.339996338                        2.52 
 2451991.02832   218.990005493                   3.1500001 
 2451992.05078   214.380004883                   2.9300001 
  2452001.0166   208.910003662                        2.52 
 2452012.02344    206.36000061                   2.8399999 
 2452012.99805   208.710006714                   2.8299999 
  2452013.9707   205.830001831                   2.6700001 
 2452014.95215   208.339996338                   2.6800001 
 2452015.98438   211.419998169                   2.3399999 
 2452032.94629           211.0                   2.3199999 
 2452041.92641   205.162506104                   1.6531845 
 2452044.91113   205.119995117                        2.74 
 2452045.96484   201.990005493                        2.74 
 2452046.89648    196.63999939                   2.3599999 
 2452047.90234   198.529998779                        2.54 
 2452048.88086   199.649993896                   2.7500002 
 2452077.84961   194.309997559                   2.1700001 
 2452079.87988   201.369995117                        1.97 
  2452080.8457   195.300003052                   2.1900001 
 2452081.87598   196.690002441                        2.22 
 2452082.88574   188.070007324                        2.21 
 2452083.78027   194.080001831                        2.03 
 2452098.84375   196.529998779                        2.53 
 2452099.77148   195.630004883                   2.8699999 
 2452100.83887   194.710006714                        2.47 
  2452106.8584   191.630004883                   2.6500001 
 2452107.82227    188.86000061                   2.6400003 
 2452108.83203   187.419998169                   2.3900001 
 2452109.82129   189.070007324                         2.2 
  2452110.8457   185.229995728                        2.51 
 2452215.60904   174.034805298                    1.650102 
 2452337.08373   158.519760132                   1.5933735 
 2452338.08106    163.63999939                        2.47 
 2452427.93652   116.510002136                   2.1900001 
 2452451.87493   121.077728271                    1.735418 
 2452893.70801   31.0300006866                        2.25 
 2453094.05171  -2.82999992371                        2.21 
 2453109.01367   14.3900003433                   2.5699999 
 2453120.96744  -6.56264305115                   1.4103457 
 2453121.98388   2.24944162369                    1.276446 
 2453122.98633  -5.69999980927                        2.26 
 2453123.98633           -0.25                        2.22 
 2453125.00293   1.01999998093                   2.1400001 
 2453125.98926  -5.05999994278                        2.05 
 2453201.74849  -22.2354240417                   1.5107813 
 2453470.97732  -41.1300010681                   3.3699999 
 2453476.95737  -65.0770874023                   1.5269089 
 2453481.01384  -54.0600013733                   3.0899999 
 2453482.02112  -47.9799995422                   3.2899997 
 2453511.87959  -79.0052261353                   1.4881449 
 2453512.86597  -78.8837738037                   1.4764074 
 2453523.86798  -78.9974441528                   1.6414586 
  2453541.8823  -82.1337280273                   1.6457641 
 2453553.79052  -83.5498352051                   1.6576115 
 2453555.78135  -82.5436630249                   1.6137787 
 2453561.78432  -87.6542205811                   1.6214125 
 2453562.83052  -71.6600036621                   3.3900001 
  2453569.7745  -89.6361999512                   1.6397563 
 2453572.76602  -78.2559967041                   1.9133677 
 2453573.74021  -89.4679031372                   1.7983264 
 2453596.71594  -99.1962585449                   1.6968797 
 2453606.65743  -61.7000007629                   3.5000002 
 2453607.65456  -73.7699966431                   2.8599999 
 2453843.96361  -134.915008545                   1.3503518 
 2453956.70267  -165.220001221                   2.0599999 
 2453960.67645  -116.720001221                        3.22 
 2453961.66966  -118.680000305                   3.2399998 
   2454220.008  -206.199157715                    1.699258 
 2454548.05817  -288.279998779                        2.28 
 2455367.75705  -454.272064209                   0.2747684 
 2455367.81328  -453.879455566                    0.443017 
 2455438.70962  -457.469421387                   0.3120631 
 2455727.86038  -532.804138184                   0.7465219 
 2455843.62213  -549.409973145                        3.99 
 2455846.64098  -555.219970703                   1.9500002 
