\STAR_ID                                  = "Theta Cyg"
\DATA_CATEGORY                            = "Planet Radial Velocity Curve"
\NUMBER_OF_POINTS                         = "91"
\TIME_REFERENCE_FRAME                     = "JD"
\MINIMUM_DATE                             = "2452884.395234"
\DATE_UNITS                               = "days"
\MAXIMUM_DATE                             = "2453958.389295"
\MINIMUM_VALUE                            = "-121.30"
\VALUE_UNITS                              = "m/s"
\MAXIMUM_VALUE                            = "114.50"
\REFERENCE                                = "Desort et al. 2009 (A&A, 506, 1469)"
\BIBCODE                                  = "2009A&A...506.1469D"
\TELESCOPE                                = "1.93m"
\INSTRUMENT                               = "ELODIE"
\WAVELENGTH_CALIBRATION_TECHNIQUE         = "Thorium Argon"
\OBSERVATORY_SITE                         = "Observatoire de Haute Provence (OHP), France"
\COLUMN_JD                                = "Julian date of observation"
\COLUMN_RADIAL_VELOCITY                   = "Radial velocity relative to barycenter"
\COLUMN_RADIAL_VELOCITY_UNCERTAINTY       = "Uncertainty in RADIAL_VELOCITY"
|             JD | Radial_Velocity | Radial_Velocity_Uncertainty |
|         double |          double |                      double |
|           days |             m/s |                         m/s |
  2452884.395234            -68.40                          6.40
  2452884.405361            -71.00                          6.40
  2452884.487443            -78.90                          6.40
  2452892.357942            -60.50                          6.40
  2452892.429642            -79.70                          6.40
  2452892.440869            -64.50                          6.40
  2452935.251160             -2.40                          6.40
  2452949.252455             39.50                          6.40
  2452949.266181             32.60                          6.40
  2453092.658509              0.20                          6.40
  2453093.658222            -62.20                          6.40
  2453144.606464           -121.30                          6.40
  2453145.606313           -113.20                          6.40
  2453224.441522             52.20                          6.40
  2453248.441636             43.10                          6.40
  2453248.573370             74.50                          6.40
  2453249.437434             31.80                          6.40
  2453267.366921             29.40                          6.40
  2453315.310006             29.00                          6.40
  2453316.333663             27.30                          6.40
  2453319.272322             52.70                          6.40
  2453358.258717             48.00                          6.40
  2453480.634524             36.90                          6.40
  2453481.615482             31.80                          6.40
  2453514.572973            -50.60                          6.40
  2453515.581398            -63.30                          6.40
  2453560.530828             19.80                          6.40
  2453568.606466             28.60                          6.40
  2453569.600900             47.30                          6.40
  2453574.519883             33.30                          6.40
  2453577.491243             59.20                          6.40
  2453585.510822             56.50                          6.40
  2453608.455667             31.00                          6.40
  2453631.320684            -34.40                          6.40
  2453631.333172            -32.10                          6.40
  2453634.363593            -56.00                          6.40
  2453636.356603            -82.80                          6.40
  2453638.272889            -87.70                          6.40
  2453638.386856           -101.40                          6.40
  2453639.526412            -95.60                          6.40
  2453640.334899            -81.70                          6.40
  2453642.283877           -103.80                          6.40
  2453643.309580            -69.20                          6.40
  2453659.258737            -66.10                          6.40
  2453660.269087            -53.50                          6.40
  2453669.319867            -20.00                          6.40
  2453669.360098            -23.00                          6.40
  2453680.225384             23.80                          6.40
  2453682.248265             34.10                          6.40
  2453686.236783             21.80                          6.40
  2453690.242789             51.40                          6.40
  2453693.240127             58.70                          6.40
  2453694.217524             50.10                          6.40
  2453696.251181             65.40                          6.40
  2453698.239724             59.50                          6.40
  2453710.220706             77.40                          6.40
  2453711.221276             71.70                          6.40
  2453711.234030             76.00                          6.40
  2453712.214127             83.50                          6.40
  2453713.215670             82.30                          6.40
  2453715.233177             88.50                          6.40
  2453719.229737            114.50                          6.40
  2453725.233285             60.60                          6.40
  2453728.250127             45.10                          6.40
  2453771.730359            -73.20                          6.40
  2453838.636315             71.10                          6.40
  2453844.623507             75.20                          6.40
  2453847.633026            102.60                          6.40
  2453848.637804            107.50                          6.40
  2453849.630649            103.10                          6.40
  2453864.587348            111.20                          6.40
  2453868.566304             85.50                          6.40
  2453871.603294             90.40                          6.40
  2453876.605477             77.40                          6.40
  2453877.556134             73.60                          6.40
  2453899.569221            -47.20                          6.40
  2453900.542165            -80.00                          6.40
  2453904.553433            -61.80                          6.40
  2453904.563816            -64.10                          6.40
  2453933.440622            -51.50                          6.40
  2453936.494817            -60.60                          6.40
  2453955.348008             13.20                          6.40
  2453955.362510             16.40                          6.40
  2453955.376561             15.50                          6.40
  2453955.395554              8.40                          6.40
  2453955.409559             13.60                          6.40
  2453955.423621             11.20                          6.40
  2453956.367951              1.00                          6.40
  2453956.527546             -1.00                          6.40
  2453957.476378              5.90                          6.40
  2453958.389295             20.60                          6.40
