\STAR_ID='HD 48682'
\DATA_CATEGORY='Planet Radial Velocity Curve'
\NUMBER_OF_POINTS='48'
\TIME_REFERENCE_FRAME='HJD'
\MINIMUM_DATE='2454086.09726'
\DATE_UNITS='days'
\MAXIMUM_DATE='2456911.09891'
\MINIMUM_VALUE='-9.04835331274'
\VALUE_UNITS='m/s'
\MAXIMUM_VALUE='10.4059146804'
\REFERENCE='Howard & Fulton, 2016'
\BIBCODE='2016arXiv160603134H'
\TELESCOPE='10m Keck I'
\INSTRUMENT='j: post-upgrade Keck HIRES (after August 19 2004)'
\WAVELENGTH_CALIBRATION_TECHNIQUE='Iodine'
\OBSERVATORY_SITE='Mauna Kea, Hawaii'
\COLUMN_RADIAL_VELOCITY='Relative radial velocity'
\COLUMN_RADIAL_VELOCITY_UNCERTAINTY='Uncertainty in RADIAL_VELOCITY'
|          HJD|Radial_Velocity|Radial_Velocity_Uncertainty|
|       double|         double|                     double|
|         days|          m / s|                      m / s|
|         null|           null|                       null|
 2454086.09726  -7.18932274942                   0.8568261 
 2454138.75435  -3.51771818687                   0.8417409 
 2454399.09091   3.71568802575                   1.3107474 
  2454718.1099  -1.70721276812                   1.4039856 
 2454719.10932   -5.3999704213                    1.302729 
 2454720.11455  -7.07933894902                   1.3868657 
 2454721.12006  -3.85991204517                   1.3934168 
 2454722.13602  -2.45712247528                   1.3864975 
 2454723.14314  -3.52178537969                   1.4674193 
 2454724.14623  -6.00327495941                   1.3577727 
 2454725.09977   4.06741356314                   1.4540874 
 2454727.14888  0.835548386973                   1.3463049 
 2454728.08528  -8.93417686858                   1.3921881 
  2454807.9883  -5.66586843206                   1.5788171 
  2454810.0081  -5.02688919631                   1.6278157 
 2454810.84994  -6.06486577116                   1.6275932 
 2454839.04954  -5.81669108865                   1.6964278 
 2454864.93885  -9.04835331274                   1.7340645 
 2454866.74581   4.67329384681                   1.5238051 
 2454934.75661    1.8816721458                   1.6811059 
 2455074.13758  -2.14220853122                   1.5696285 
 2455077.14521  -7.13652729609                   1.2429758 
 2455079.14566  -8.47555208782                   1.5055313 
 2455081.14428 -0.998144142389                   1.3423076 
 2455085.14282  -8.19826095036                   1.3002182 
 2455110.10756   10.4059146804                   1.4870439 
 2455134.06542   5.37163206169                   1.4735847 
 2455284.71514  -6.02067132688                   1.6787927 
 2455321.71844   2.16504418297                   1.6697454 
 2455342.73397  -3.95399160711                   1.7745527 
 2455440.12434   4.77758425468                    1.306608 
  2455467.1541   3.73203616026                   1.2296469 
 2455468.15492    2.5178996171                   1.3906089 
 2455469.15108   1.39178191457                   1.2945532 
 2455472.01303  -2.20548095338                   1.4214659 
 2455558.96119   2.47768994916                   2.4351161 
  2455559.9877  0.833139703971                    2.298229 
 2455633.71311 -0.698419521098                   1.6013234 
 2455634.71159 -0.767957226621                   1.5655636 
 2455636.71407   2.61729682238                   1.6663518 
 2455812.14255  -7.10107895562                   1.1407835 
 2455878.16507  -3.03308926683                   1.5466025 
  2455902.1793   3.40464708647                   1.5669177 
 2456019.71853  -4.53894608468                   1.8421968 
 2456208.15659   5.28066259989                   1.3490312 
 2456548.15049   3.20667473995                   0.7485274 
 2456588.06884   2.91995996696                   1.4974449 
 2456911.09891   1.12730563419                   1.4960983 
