\STAR_ID='HD 117176'
\DATA_CATEGORY='Planet Radial Velocity Curve'
\NUMBER_OF_POINTS='54'
\TIME_REFERENCE_FRAME='HJD'
\MINIMUM_DATE='2453933.82221'
\DATE_UNITS='days'
\MAXIMUM_DATE='2456892.72188'
\MINIMUM_VALUE='-231.702758758'
\VALUE_UNITS='m/s'
\MAXIMUM_VALUE='391.373775332'
\REFERENCE='Howard & Fulton, 2016'
\BIBCODE='2016arXiv160603134H'
\TELESCOPE='10m Keck I'
\INSTRUMENT='j: post-upgrade Keck HIRES (after August 19 2004)'
\WAVELENGTH_CALIBRATION_TECHNIQUE='Iodine'
\OBSERVATORY_SITE='Mauna Kea, Hawaii'
\COLUMN_RADIAL_VELOCITY='Relative radial velocity'
\COLUMN_RADIAL_VELOCITY_UNCERTAINTY='Uncertainty in RADIAL_VELOCITY'
|          HJD|Radial_Velocity|Radial_Velocity_Uncertainty|
|       double|         double|                     double|
|         days|          m / s|                      m / s|
|         null|           null|                       null|
 2453933.82221  -209.657390362                   0.6067035 
 2454085.16663  -195.653323604                   0.6656687 
 2454130.12309    328.49572519                   0.5698525 
  2454131.1177   299.510137945                   0.6001493 
 2454139.10329   98.5296508583                   0.6433034 
 2454641.84867  -228.392518713                   1.1721207 
 2454807.16184   18.6991440953                   1.4627131 
 2454809.16606   55.1267843228                   1.3439468 
 2454811.16959   104.008622749                   1.1570435 
 2454839.14356   91.2637068403                   1.2833909 
 2454865.09274  -191.568506502                   1.1350775 
 2454866.06558  -201.367149084                   1.2672352 
 2454868.10796   -206.23063816                   1.4153991 
 2454927.00429   77.5132865173                   1.3439816 
 2454963.76892  -46.8793796727                   1.3464161 
 2454983.92452  -204.198023714                   1.4213209 
 2454984.93831  -203.071290749                    1.246192 
 2454985.93592  -208.128656442                    1.182747 
 2454986.92704  -208.853632087                   1.2568674 
 2454987.92941  -214.138431756                   1.1376309 
  2454988.8737  -217.373719536                   1.4372612 
 2455016.74253  -196.093477866                   1.2226406 
 2455042.73366   66.6347772727                   1.2432038 
 2455043.74347    84.997734092                   1.3208905 
 2455044.77665   108.662144731                   1.1516426 
 2455188.17443   123.645537059                   1.1926727 
 2455189.17301   97.2133026865                   1.3100649 
 2455198.17642  -59.4220372331                   1.1873451 
 2455199.17703  -67.7693814004                   1.1113319 
 2455256.94773  -173.515669451                   1.2841526 
 2455286.01509   306.911711178                   1.3529716 
 2455311.80566  -21.5909939094                   1.2642279 
 2455312.79832  -29.3730663916                   1.0780399 
 2455314.85494  -63.6218509193                   1.2296423 
 2455375.75214  -157.397787588                   1.1847377 
 2455405.73625   386.160035478                   1.0459094 
 2455585.18842  -231.702758758                   1.1347787 
 2455607.18024  -171.263312136                   1.2670392 
 2455636.97221   340.951614378                   0.6153832 
  2455706.7334  -229.642329517                   1.0521352 
 2455707.73062   -228.39434241                     1.20558 
 2455731.94048  -104.582059434                   1.3607417 
 2455792.71989  -165.554775112                   0.7211604 
 2455993.02761   391.373775332                   0.8007876 
 2455995.02588   368.445879617                   1.6811002 
 2456145.72624  -177.186097641                   1.1657151 
 2456319.00588   -61.729925842                   0.6533037 
 2456488.73474  -133.351433952                   1.0967286 
 2456637.16612  -230.540075992                   1.1788011 
  2456675.1871   32.5546085416                   1.1774631 
 2456828.76744  -14.2620032272                   1.0839974 
 2456883.73143  -199.565599981                   1.3080671 
 2456888.71999  -179.448277828                    1.294698 
 2456892.72188   -158.25909379                   1.2396611 
