\STAR_ID='HD 201091'
\DATA_CATEGORY='Planet Radial Velocity Curve'
\NUMBER_OF_POINTS='77'
\TIME_REFERENCE_FRAME='HJD'
\MINIMUM_DATE='2453238.91038'
\DATE_UNITS='days'
\MAXIMUM_DATE='2456854.13394'
\MINIMUM_VALUE='-22.5715069303'
\VALUE_UNITS='m/s'
\MAXIMUM_VALUE='13.7891456621'
\REFERENCE='Howard & Fulton, 2016'
\BIBCODE='2016arXiv160603134H'
\TELESCOPE='10m Keck I'
\INSTRUMENT='j: post-upgrade Keck HIRES (after August 19 2004)'
\WAVELENGTH_CALIBRATION_TECHNIQUE='Iodine'
\OBSERVATORY_SITE='Mauna Kea, Hawaii'
\COLUMN_RADIAL_VELOCITY='Relative radial velocity'
\COLUMN_RADIAL_VELOCITY_UNCERTAINTY='Uncertainty in RADIAL_VELOCITY'
|          HJD| Radial_Velocity|Radial_Velocity_Uncertainty|
|       double|          double|                     double|
|         days|           m / s|                      m / s|
|         null|            null|                       null|
 2453238.91038    13.7891456621                   0.6946315 
 2453301.89436    11.1019799296                   0.7358536 
 2453338.69143    10.8017389536                    0.985231 
 2453602.93622    7.36469057349                   0.6708775 
 2453926.08909    6.88369489109                   0.5098344 
 2453982.93016    7.60592922826                   0.5068543 
 2454247.10104    1.34905154938                   0.9209086 
 2454248.07704    3.17742949161                   0.9417242 
 2454249.09944   0.639180935936                   1.0308561 
 2454256.07073   0.639817715267                   0.6790181 
 2454279.01962    4.43938343135                   0.9501951 
 2454281.11053    2.80850309189                   0.9914551 
 2454285.94251    1.79570921629                   1.0388476 
 2454295.03339    3.63842189278                   0.6475033 
 2454305.06927    3.12767035775                   0.7331858 
 2454305.88993     3.6786616833                   0.6229721 
 2454306.88743    4.63240608939                   0.6380426 
 2454307.93582    3.62128601661                   0.6782991 
 2454309.07182    4.53670698861                   0.6366072 
 2454310.06504    5.73687651344                   0.5861334 
 2454311.04678    6.55562860671                   0.5892547 
 2454312.03936    6.86769039056                   0.6406778 
 2454313.05409    5.52484593441                   0.6517155 
 2454314.01793    4.85551382866                   0.6362408 
 2454315.07025    4.43783241616                   0.5101027 
 2454335.98371    2.22277045106                    0.678657 
 2454338.83262    2.86950818234                   0.9154984 
  2454339.9767   0.634657876322                   0.6670582 
 2454343.85328    5.54480503606                    0.950149 
  2454396.7566   0.511123613269                   0.9389476 
  2454397.7866   -1.37837550227                   0.9429783 
  2454398.7797    -1.1229060667                   1.1086582 
 2454671.99648     1.4999817337                   0.6083579 
 2454673.05984  -0.222450771933                   0.5986715 
 2454674.07806   -1.21693982307                   0.5754375 
  2454676.0653   -2.20009598284                   0.6481065 
 2454722.82775    2.60327332593                   1.1422923 
 2454930.13493  -0.896489386688                   1.1796249 
 2455041.93086  -0.662684955407                   1.0014428 
 2455042.97841  -0.904219319317                   1.0141242 
 2455044.08778    3.04463603215                   1.0841645 
 2455045.06104    4.26016216829                   1.0640367 
 2455048.95058      1.378365568                    1.352059 
  2455074.0678 -0.0188587639921                   1.1634829 
 2455075.05256   -4.36656365333                   0.6344393 
 2455076.03884   -1.31811240896                    0.598025 
 2455077.02838   -0.86071269326                   0.6143317 
 2455078.02992    -0.1257144359                    0.639653 
 2455080.02448   -2.74078141898                   0.6130005 
  2455081.0425   -1.12607909848                   0.5939988 
 2455082.02644   -4.36998531259                   1.1396343 
 2455083.02216 -0.0680861859173                   1.0359507 
 2455084.04157   0.578980268103                   1.0448035 
 2455085.00901    1.16146344322                   1.0561168 
 2455110.87736   -3.80108655637                   1.2058544 
 2455187.68859   0.689351509729                   1.1948138 
   2455189.686    2.58181631984                   1.0187525 
 2455190.69034    4.83776599463                   0.6863213 
 2455192.68775    2.15855579957                   1.1165142 
 2455196.68465   0.528962930618                   1.1146355 
 2455197.68452  -0.708247044298                   1.4292922 
 2455198.68307    4.19878619203                   1.0490683 
 2455395.98085   -3.04502462172                   0.5927039 
 2455404.94249   -3.00729716943                   1.0071766 
 2455407.14596   -5.17423236992                   0.5617283 
 2455432.07172   -7.35383612045                   0.5781621 
 2455542.68386   -5.78686565454                   1.0254968 
 2455739.10891   -8.61942289957                   1.2472833 
 2455770.09344   -6.41955286104                   0.6058675 
 2455785.98385   -7.56167145614                   1.1788225 
 2455794.88157   -12.7689800512                   1.1112061 
 2455841.86698   -12.9194613373                   0.6826352 
 2456172.05109     -17.67072244                   0.6440733 
  2456529.8384   -18.4456032345                   1.1780071 
 2456847.88557   -18.6806608136                    1.039736 
 2456852.13778   -20.7643459538                   1.0089555 
 2456854.13394   -22.5715069303                   1.1171473 
