\STAR_ID='HD 201091'
\DATA_CATEGORY='Planet Radial Velocity Curve'
\NUMBER_OF_POINTS='44'
\TIME_REFERENCE_FRAME='HJD'
\MINIMUM_DATE='2446957.9749'
\DATE_UNITS='days'
\MAXIMUM_DATE='2449623.7839'
\MINIMUM_VALUE='-27.5130577087'
\VALUE_UNITS='m/s'
\MAXIMUM_VALUE='31.6100006104'
\REFERENCE='Howard & Fulton, 2016'
\BIBCODE='2016arXiv160603134H'
\TELESCOPE='3.0m Shane'
\INSTRUMENT='p: Hamilton Spectrograph dewar 16 (prior to November 1994)'
\WAVELENGTH_CALIBRATION_TECHNIQUE='Iodine'
\OBSERVATORY_SITE='Lick Observatory, California'
\COLUMN_RADIAL_VELOCITY='Relative radial velocity'
\COLUMN_RADIAL_VELOCITY_UNCERTAINTY='Uncertainty in RADIAL_VELOCITY'
|          HJD|Radial_Velocity|Radial_Velocity_Uncertainty|
|       double|         double|                     double|
|         days|          m / s|                      m / s|
|         null|           null|                       null|
  2446957.9749   30.1100006104                  13.2299986 
  2446958.9488   19.7700004578                       12.29 
 2446959.93972   24.4167404175                    6.356111 
 2447047.74582  -7.36202335358                   5.7195458 
  2447048.8538  -10.1400003433                   8.3199997 
 2447094.63784 -0.807187974453                   8.8957748 
 2447149.64863   19.0901126862                  10.7383852 
 2447224.06156   17.5441570282                   5.9260483 
 2447225.06085   22.3673934937                   5.7735233 
 2447330.95605    11.121632576                   7.5893378 
 2447350.88254   16.4452838898                   5.9700627 
 2447373.88474  -9.37256145477                   5.9230742 
  2447390.8125   7.23000001907                   9.5200005 
  2447613.0561   31.6100006104                  10.8000002 
  2447709.9042   7.78999996185                   8.1999998 
  2447846.7105   -2.3900001049                   7.0100002 
  2448017.9749  -19.4899997711                  10.8000002 
 2448113.86406  -27.5130577087                   8.2544699 
 2448114.94727    9.8422870636                   8.1087112 
  2448199.6297  -20.2800006866                   8.5100002 
 2448375.99953   9.70497322083                   8.3590136 
  2448438.9003  -12.5100002289                   8.7600002 
  2448789.9843  -0.15000000596                   9.1199999 
 2448834.87739   12.5705127716                   6.3268986 
  2448845.8295             1.0                   7.4200001 
 2448855.80244  -4.80848693848                   6.1455984 
 2448856.77449  -2.15706133842                   6.0811691 
 2448857.78739  -14.5839939117                   6.7833543 
 2448892.69506   2.54728937149                   6.1372795 
 2448893.69254  -2.44545269012                   7.2405491 
  2448905.7303   7.01000022888                   8.1199999 
 2448991.58716   6.03442287445                   6.0038095 
  2449174.9202  -1.66999995708                   9.5600004 
 2449211.78083   3.51820325851                   6.8998656 
  2449255.6319  -6.76000022888                  10.3199997 
 2449298.62331  -14.9363479614                   6.7038479 
 2449350.59204  -5.95517730713                   7.2143531 
  2449470.0163 -0.209999993443                   8.1400003 
  2449574.8231  -12.2600002289                   8.6599998 
 2449587.82747  -13.9561233521                   5.8547287 
   2449589.778  -26.9300003052                   8.5799999 
  2449602.7828   -2.3415927887                   7.0359855 
  2449621.7942  -7.78000020981                   7.9899998 
  2449623.7839  -12.1548309326                   7.7417421 
