\STAR_ID='HD 141004'
\DATA_CATEGORY='Planet Radial Velocity Curve'
\NUMBER_OF_POINTS='149'
\TIME_REFERENCE_FRAME='HJD'
\MINIMUM_DATE='2449768.0666'
\DATE_UNITS='days'
\MAXIMUM_DATE='2455604.0308'
\MINIMUM_VALUE='-30.3902626038'
\VALUE_UNITS='m/s'
\MAXIMUM_VALUE='25.0478248596'
\REFERENCE='Howard & Fulton, 2016'
\BIBCODE='2016arXiv160603134H'
\TELESCOPE='3.0m Shane'
\INSTRUMENT='l: Hamilton Spectrograph post-dewar 16 (after November 1994)'
\WAVELENGTH_CALIBRATION_TECHNIQUE='Iodine'
\OBSERVATORY_SITE='Lick Observatory, California'
\COLUMN_RADIAL_VELOCITY='Relative radial velocity'
\COLUMN_RADIAL_VELOCITY_UNCERTAINTY='Uncertainty in RADIAL_VELOCITY'
|          HJD|Radial_Velocity|Radial_Velocity_Uncertainty|
|       double|         double|                     double|
|         days|          m / s|                      m / s|
|         null|           null|                       null|
  2449768.0666   22.9500007629                   4.0599999 
 2449803.00715   11.6556863785                   1.8134704 
  2449821.9431   16.5554656982                   2.3230822 
 2449857.82412   8.12511920929                   1.7564402 
 2449893.78328   25.0478248596                   2.0748677 
 2449913.80664   7.82000017166                   1.9200001 
 2450149.02355   11.2508583069                    1.798743 
  2450150.9861   15.0289020538                   1.5761354 
 2450174.01332   6.96258211136                   1.6218743 
  2450199.9102    2.4734749794                   1.7184781 
 2450231.87598  0.800000011921                   2.9400001 
 2450232.86881   5.93852806091                   1.8664002 
 2450233.92711   14.5856494904                   1.9019595 
 2450234.91505     10.74584198                   1.7464083 
 2450235.86284   16.7805099487                   1.8228559 
 2450263.72559            9.25                   2.0999999 
 2450298.69043   1.61000001431                        2.49 
 2450299.70117   4.94000005722                        2.27 
 2450300.77051  -2.92000007629                        2.27 
 2450304.69922  -5.07000017166                   2.0599999 
 2450326.67481  -1.87999999523                        2.05 
 2450503.04714   19.1438217163                   2.1534443 
 2450504.03125   12.8500003815                        2.23 
 2450536.94438   9.94128417969                   1.7778569 
 2450537.95508   11.6599998474                   2.3099999 
 2450563.81105   12.2390899658                   1.8708563 
 2450578.75953  -3.63198065758                   1.7213563 
 2450579.74632   7.80154895782                   1.9338719 
 2450610.79394   4.03000020981                         2.2 
 2450611.93584   6.21915769577                   2.0311558 
 2450613.74316   5.21999979019                         2.3 
 2450614.76953   7.57000017166                   2.1900001 
 2450640.74219   10.1099996567                        2.27 
 2450645.71753   4.63529634476                   1.4337317 
 2450655.71777   1.53999996185                        2.45 
 2450656.74414  -1.26999998093                        1.96 
 2450681.67676   5.80999994278                   2.0999999 
 2450794.07715   22.6700000763                   4.7600002 
 2450893.02968   4.19000005722                         2.2 
 2450977.80987  -1.14494013786                   2.1807282 
 2450979.78223  -10.3400001526                   3.1000001 
 2451004.76561  -2.53999996185                   2.4000001 
  2451005.7666   6.84000015259                   2.4800003 
 2451006.74023   9.72999954224                   2.3299999 
 2451025.73242   2.92000007629                   2.6800001 
 2451243.02246   3.63000011444                        2.55 
 2451298.91591    15.029999733                   2.5999997 
 2451299.83106   17.7000007629                        2.45 
 2451303.89844   3.07999992371                   2.6099999 
 2451352.74707             0.0                        3.01 
 2451353.70606   10.4300003052                   2.8199999 
 2451354.70215  -1.58000004292                   3.6500001 
 2451374.69531  -6.86000013351                        3.71 
 2451375.67969  -8.64999961853                   3.0199997 
 2451388.74783  -1.06397867203                   1.7492217 
 2451392.73349  -13.4974584579                   2.3603218 
 2451627.98731   8.52999973297                        2.77 
 2451700.76758   11.5600004196                   3.0899999 
 2452033.96875            4.75                   2.6300004 
 2452041.88073   2.78555130959                   2.4596348 
 2452071.85484   8.24887657166                   5.4461422 
 2452104.72242   8.36124706268                   1.6414586 
 2452121.71636   2.10489177704                   1.7421471 
 2452122.71124  -1.22689032555                   1.8236778 
 2452315.07812    13.029999733                   3.1199999 
 2452345.97994   9.50591278076                   2.1451011 
 2452375.94943  -2.40762472153                    1.912714 
 2452380.90718   12.3165569305                   2.0329227 
 2452427.86751  -15.9010372162                   1.9908453 
 2452449.78711   3.50999999046                        2.53 
 2452450.79072   8.49536323547                   1.9886791 
  2452451.8444   5.98703098297                   2.1113892 
  2452452.7034  -5.24068641663                    1.692569 
 2452796.82421  -15.2253780365                   1.2835047 
 2453019.08789  -4.71999979019                        2.45 
 2453021.08984   5.76999998093                   3.1400003 
 2453022.07379   4.26999998093                        2.45 
  2453072.9707  -8.18000030518                   2.3399999 
 2453079.98752  -16.0724334717                   1.7508893 
 2453081.02832  -18.4899997711                        2.21 
 2453082.04883  -4.82999992371                   2.6099999 
 2453100.91817   12.0103359222                    1.608546 
 2453102.95117   7.57999992371                   2.3699999 
 2453117.92569 -0.480745732784                   1.7110231 
 2453147.82746   4.01858139038                   1.8264568 
  2453157.8584  -17.7399997711                        2.47 
  2453162.7522  -11.2902183533                   1.6225212 
  2453188.7781  -16.9699993134                        2.55 
 2453216.70778    -12.41410923                     1.78535 
 2453221.70937  -13.2986907959                   1.7083951 
  2453222.7071  -9.54746437073                   1.7768219 
 2453364.09277  -4.67999982834                   2.3599999 
 2453392.08035  -9.60000038147                   2.1900001 
 2453393.07978  -4.86000013351                        2.46 
 2453474.94994   14.1400003433                        2.55 
  2453475.8711    12.279999733                        2.45 
 2453476.80892            9.25                   2.3299999 
 2453477.84439  -1.30999994278                        2.29 
 2453478.91235  -4.32000017166                   2.3099999 
 2453479.91235  -9.78999996185                        2.72 
 2453482.88387  -10.7700004578                         2.7 
 2453511.77916  -17.0400009155                         2.2 
 2453512.79106  -17.5599994659                   2.3699999 
 2453523.78618  -12.4899997711                   2.3299999 
 2453541.76458  -4.86000013351                   2.9000001 
  2453544.7872  -18.1399993896                   2.3800001 
 2453553.71412  -7.71999979019                   2.3900001 
 2453554.70755   -3.3900001049                        2.79 
 2453555.70984  -4.44000005722                   2.4200001 
 2453556.70896  -8.43000030518                   2.4000001 
 2453557.75729  -22.6200008392                        2.29 
  2453564.7142   0.77258348465                   2.0647328 
 2453565.76465  -5.07000017166                   2.5699999 
 2453566.73191  -14.9799995422                   2.4800003 
 2453571.70466  -19.1200008392                        2.24 
 2453593.71596  -24.2800006866                        2.77 
 2453753.08142  -10.9899997711                   2.5799999 
 2453866.77197  -17.5900001526                   2.6300004 
 2453867.80517  -1.25058841705                   2.6655223 
 2453868.82735  -11.1099996567                        2.45 
 2453869.86956   -12.779999733                   2.7500002 
 2453897.76484   3.52999997139                   2.9400001 
 2454196.93473  -15.2299289703                    1.676868 
 2454220.93451  -20.7399997711                   2.1199999 
 2454253.82533  -30.3902626038                   1.4912132 
 2454255.86191  -15.3916349411                   1.4449426 
 2454310.75368  -10.2450428009                   1.7639657 
 2454311.69496  -19.3736610413                    1.573293 
 2454549.01376  -11.0293502808                   1.7367251 
 2454574.90382  -3.34988188744                   1.1358932 
 2454578.87536  -10.8721809387                   1.0521958 
 2454597.82034  -11.9260349274                   1.1355035 
 2454598.80428 -0.207525491714                   2.7310739 
 2454622.85542  -14.7300453186                   1.4755257 
 2454623.78603   3.99480581284                   1.4295272 
 2454694.73732  -23.1809234619                   1.6277084 
 2454695.77323    -22.75989151                   1.5929083 
 2454696.76751  -19.1873893738                   1.5027483 
 2454697.74379  -1.89646029472                   1.4985878 
 2454698.77069  -9.34396934509                   1.6007149 
 2455229.06036   17.1672725677                   2.9114132 
 2455312.90223  -4.60785865784                   1.6556227 
 2455352.78209    1.2220915556                   1.7792169 
 2455353.81022          -10.25                        2.51 
 2455354.77868  -2.26999998093                        2.52 
 2455368.73716    11.616645813                   1.7753747 
 2455578.09159  -7.46000003815                   2.3699999 
  2455603.0331   1.94000005722                        2.54 
  2455604.0308   8.85000038147                        2.47 
