\STAR_ID='HD 141004'
\DATA_CATEGORY='Planet Radial Velocity Curve'
\NUMBER_OF_POINTS='81'
\TIME_REFERENCE_FRAME='HJD'
\MINIMUM_DATE='2453401.16842'
\DATE_UNITS='days'
\MAXIMUM_DATE='2456862.73487'
\MINIMUM_VALUE='-15.2329229169'
\VALUE_UNITS='m/s'
\MAXIMUM_VALUE='14.1186782024'
\REFERENCE='Howard & Fulton, 2016'
\BIBCODE='2016arXiv160603134H'
\TELESCOPE='10m Keck I'
\INSTRUMENT='j: post-upgrade Keck HIRES (after August 19 2004)'
\WAVELENGTH_CALIBRATION_TECHNIQUE='Iodine'
\OBSERVATORY_SITE='Mauna Kea, Hawaii'
\COLUMN_RADIAL_VELOCITY='Relative radial velocity'
\COLUMN_RADIAL_VELOCITY_UNCERTAINTY='Uncertainty in RADIAL_VELOCITY'
|          HJD| Radial_Velocity|Radial_Velocity_Uncertainty|
|       double|          double|                     double|
|         days|           m / s|                      m / s|
|         null|            null|                       null|
 2453401.16842     4.6641807183                   0.7322486 
 2453480.01031   -6.47660709339                   0.7271662 
 2453551.89788     1.2685667486                   0.6189517 
 2453602.80455   -10.3685062455                   0.6129392 
 2453747.17802   -6.91859879534                   0.9745977 
 2453753.16696    1.66688095904                   0.6960309 
 2453754.15608    1.93849256295                      0.5852 
 2453777.15216    1.41785921595                   0.7299694 
 2453781.17345    8.79484023665                   0.9209325 
 2453926.91635    4.04180359961                   0.5787488 
 2453927.87005    6.62571544848                   0.6235163 
 2453931.84381   -4.52045528837                   0.5833199 
 2453932.83728   -0.33757810372                   0.5622483 
 2453933.86384   -4.36705072948                    0.595594 
 2453934.76236   -1.00121059149                   0.5762352 
 2453960.82379   -9.30774959702                   0.6022353 
 2453961.83599   -9.64753798596                   0.6237448 
 2453962.76766   -5.78656384908                    1.011938 
 2453963.81227   -3.37000620488                   0.6210831 
 2453981.74241    2.85624411373                    0.563946 
 2453982.78521   -0.72818583712                   0.5543218 
 2453983.74328   -1.77468865891                   0.5638644 
  2453984.7813   -2.84571354325                   0.5436642 
 2454130.17107   -0.20193725254                   0.7516114 
 2454246.94199   0.503728993002                   0.7773303 
 2454247.93715      5.405858182                   0.8723515 
 2454248.89706    2.34304057461                   0.7474176 
 2454251.83073    2.71004417186                   0.7972025 
 2454255.98982   -8.72691413955                   0.7987195 
  2454277.8934    9.71098429882                   0.5861806 
 2454278.94785    7.11942919871                   0.5860648 
 2454279.98459    6.79229537445                   0.7737298 
 2454285.91791   -4.49407023625                   0.7545189 
 2454294.93542    1.57154862267                   0.6339277 
 2454304.92021   -1.08682882165                   0.7114162 
 2454305.92721   -5.08276302017                   0.6085896 
 2454306.90032   -7.41923080656                    0.600347 
 2454307.95127   -6.53566878904                   0.6510324 
  2454308.9278    -4.6270505847                   0.6469392 
  2454309.8261   -8.51941941482                   0.5871008 
 2454310.82058    2.60394723252                   0.5754282 
 2454311.81225   -3.59788597297                   0.5653315 
 2454312.80972    -5.7573101509                   0.6418535 
 2454313.82095   -2.75575031907                   0.6464038 
 2454314.84166   0.542670343044                   0.6369857 
 2454335.76455   -6.55383681036                    0.634509 
 2454339.73387   -7.42199469089                   1.1300526 
 2454343.77112    2.37255498255                    0.626043 
 2454345.74849     4.0416226769                   0.6359599 
 2454461.17854   -8.33782871295                   1.6060441 
 2454545.10968    8.67376856286                   1.3834717 
 2454547.09602    8.96730483824                    1.363355 
 2454667.85782   -7.89659488591                   0.9900267 
 2454671.86943    1.30529314591                   1.1533265 
 2454672.84659     4.1983624773                   1.0210371 
 2454673.86206    2.11804875494                   1.1577812 
 2454675.83316    2.01750572156                   0.6669717 
 2454719.71294   -10.6023585709                   0.9007186 
 2454720.71082   -6.58675451309                   0.8281763 
 2454721.71099    -5.6349083353                   1.2390013 
  2454724.7093   0.591047029243                   0.8464788 
 2454839.17182    5.17995475041                   0.8279489 
  2454866.1715    1.24722458779                   1.1495246 
 2454868.16185 -0.0778009791245                   1.3437079 
 2454926.95547   -2.78366373462                   1.7319218 
 2455016.94878   -5.16023697892                   1.3950584 
 2455189.17268    3.08493389174                   0.8488905 
 2455314.87062   -8.29393680588                   1.5517399 
 2455435.73194   -5.65181062474                    1.176651 
 2455439.72182   -13.0197830917                   1.2822837 
 2455607.17443    9.14111589437                   1.4871826 
 2455615.02938    8.44789647541                   1.8360922 
 2455731.96794  -0.374878881442                   1.4290061 
 2455992.04447   0.321857862762                   1.4498702 
 2455995.04149   -4.33227560505                   1.5740533 
 2456521.72321   -15.2329229169                   1.2837473 
 2456533.71867     2.1935731502                   1.2880343 
 2456709.08167    14.1186782024                   1.4509625 
 2456830.80149    5.99350818985                   0.8481812 
 2456847.84522   -9.92529869478                   1.3469899 
 2456862.73487    -10.654225796                    1.201524 
