\STAR_ID                                  = "30 Ari B"
\DATA_CATEGORY                            = "Planet Radial Velocity Curve"
\NUMBER_OF_POINTS                         = "98"
\TIME_REFERENCE_FRAME                     = "HJD"
\MINIMUM_DATE                             = "2452545.536478"
\DATE_UNITS                               = "days"
\MAXIMUM_DATE                             = "2454758.610225"
\MINIMUM_VALUE                            = "-493"
\VALUE_UNITS                              = "m/s"
\MAXIMUM_VALUE                            = "530"
\REFERENCE                                = "Guenther et al. 2009 (A&A, 507, 1659)"
\BIBCODE                                  = "2009A&A...507.1659G"
\TELESCOPE                                = "2.0m Alfred Jensch Telescope"
\INSTRUMENT                               = "coude echelle spectrograph"
\WAVELENGTH_CALIBRATION_TECHNIQUE         = "Iodine"
\OBSERVATORY_SITE                         = "Thuringer Landessternwarte Tautenburg (TLS), Germany"
\COLUMN_RADIAL_VELOCITY                   = "Radial velocity relative to barycenter"
\COLUMN_RADIAL_VELOCITY_UNCERTAINTY       = "Uncertainty in RADIAL_VELOCITY"
|            HJD | Radial_Velocity | Radial_Velocity_Uncertainty |
|         double |          double |                      double |
|           days |             m/s |                         m/s |
  2452545.536478               194                           232
  2452545.544754               204                           208
  2452548.472892               424                           111
  2452571.576275               324                           127
  2452592.467015               471                           141
  2452596.415295               302                           115
  2452656.242768              -215                           209
  2452657.267185              -155                           215
  2452659.260606              -240                           248
  2452660.294048              -140                           321
  2452662.268544                87                           229
  2452681.341841              -181                           284
  2452714.276746               -75                           322
  2452834.523535               107                           144
  2452858.575149               253                           157
  2452859.600468               320                           146
  2452861.586390               154                           107
  2452863.588342               340                           175
  2452878.477610               258                           169
  2452925.422421               178                           128
  2452926.480403               172                           148
  2452931.400890               338                           111
  2452948.365052               219                           167
  2452949.384915               198                           143
  2452950.438364               132                           193
  2452950.444684                81                           168
  2452952.400062              -153                           192
  2452955.422149               401                           168
  2452956.465067               293                           123
  2452981.367219               -27                           109
  2452982.388335               112                           143
  2452983.413199                79                           108
  2453022.290291              -394                           334
  2453023.367630              -156                           222
  2453221.496697               190                           184
  2453224.547386               245                           162
  2453225.512468               231                           134
  2453247.392319               530                           281
  2453248.490970                -8                           140
  2453250.480289               319                           154
  2453251.466370                53                           143
  2453252.492894               253                           114
  2453253.432338               339                           161
  2453254.450110               279                           146
  2453275.513744               286                           120
  2453277.546322               110                           175
  2453280.508460               181                           150
  2453281.621507                83                           134
  2453282.493267                62                           169
  2453284.350643               119                           201
  2453301.371752               198                           170
  2453309.444008                86                           138
  2453388.344614              -356                           323
  2453431.291948              -354                           267
  2453432.265935              -318                           265
  2453658.364855              -147                           139
  2453662.535227               -75                           145
  2453749.258017              -478                           258
  2453780.366708              -426                           236
  2453783.265338              -267                           230
  2453784.288850              -238                           277
  2453814.276631               142                           157
  2453815.290494              -193                           154
  2453954.589497               -63                           148
  2453985.625596               -40                           147
  2454018.454970               -88                           100
  2454070.394848                65                           118
  2454071.515854              -302                           122
  2454079.374428              -138                           208
  2454080.365276               -69                            94
  2454082.438154              -146                           111
  2454108.340755              -326                           152
  2454136.254291              -275                           162
  2454162.258663              -493                           180
  2454165.348658              -222                           138
  2454316.580289               -77                           111
  2454337.564193               -82                           122
  2454338.559366              -160                           204
  2454342.615233              -147                           155
  2454357.560127                89                           152
  2454359.572735              -146                           102
  2454360.541338              -153                           180
  2454360.576121                29                           117
  2454364.560715              -140                           136
  2454366.536859               -47                           117
  2454367.554451               -52                           115
  2454415.427584               -62                           136
  2454429.384583              -147                           137
  2454433.367364              -111                            98
  2454491.292838               -86                           245
  2454512.358374                -2                           297
  2454514.353088               -90                           368
  2454521.285415                 0                           183
  2454692.598912              -179                           121
  2454695.601537              -122                           101
  2454696.539080               -83                           118
  2454757.636700              -383                           153
  2454758.610225              -337                            86
