\STAR_ID                                  = "Gamma 1 Leo"
\DATA_CATEGORY                            = "Planet Radial Velocity Curve"
\NUMBER_OF_POINTS                         = "205"
\TIME_REFERENCE_FRAME                     = "HJD"
\MINIMUM_DATE                             = "2452776.107091"
\DATE_UNITS                               = "days"
\MAXIMUM_DATE                             = "2454971.053095"
\MINIMUM_VALUE                            = "-90.50"
\VALUE_UNITS                              = "m/s"
\MAXIMUM_VALUE                            = "455.70"
\REFERENCE                                = "Han et al. 2010 (A&A, 509, 24)"
\BIBCODE                                  = "2010A&A...509A..24H"
\TELESCOPE                                = "1.8m"
\INSTRUMENT                               = "BOES"
\WAVELENGTH_CALIBRATION_TECHNIQUE         = "Iodine"
\OBSERVATORY_SITE                         = "Bohyunsan Optical Astronomy Observatory (BOAO), Korea"
\COLUMN_RADIAL_VELOCITY                   = "Radial velocity relative to barycenter"
\COLUMN_RADIAL_VELOCITY_UNCERTAINTY       = "Uncertainty in RADIAL_VELOCITY"
|            HJD | Radial_Velocity | Radial_Velocity_Uncertainty |
|         double |          double |                      double |
|           days |             m/s |                         m/s |
  2452776.107091            326.60                         20.80
  2452776.123872            317.80                          8.00
  2452777.006125            277.80                          9.10
  2452777.008682            295.60                          8.10
  2452777.011761            281.70                          7.00
  2452777.014538            289.70                          7.50
  2452779.074177            290.10                          7.70
  2452779.078169            294.60                          7.50
  2452779.081873            292.60                          8.30
  2452779.998369            289.80                          8.20
  2452780.005556            287.70                          7.90
  2452781.054575            261.60                          8.00
  2452781.056889            281.20                          8.10
  2452976.383870             74.50                          6.70
  2452976.388523             70.70                          6.40
  2452976.392621             63.90                          7.20
  2452976.405643             76.70                          7.60
  2452976.409497             74.60                          6.30
  2452977.373912              8.20                          7.60
  2452977.376826             20.50                          7.70
  2452977.380842              9.70                          5.50
  2452977.385148             10.20                          6.40
  2452977.388725             17.90                          6.10
  2452977.392278              4.10                          6.50
  2452977.395890              8.20                          6.40
  2453044.163185            206.10                          8.00
  2453044.166761            204.00                          7.10
  2453044.170731            204.90                          7.30
  2453045.151698            255.50                          6.00
  2453045.155518            251.40                          5.40
  2453045.157763            248.70                          5.30
  2453046.249436            231.10                          6.60
  2453046.251925            221.90                          6.30
  2453047.086196            271.00                          7.20
  2453047.107528            279.40                          8.30
  2453048.191778            208.80                          6.70
  2453048.194174            220.60                          6.50
  2453096.091559            317.80                          5.90
  2453127.002214            283.70                          6.10
  2453131.016505            300.80                          6.40
  2453131.021805            295.00                          5.90
  2453131.973915            327.20                          6.30
  2453131.979319            324.00                          5.40
  2453132.981655            317.70                          6.40
  2453132.985162            317.80                          5.70
  2453354.323803             77.40                          6.10
  2453430.116894            266.10                          6.90
  2453459.072528            274.70                          5.70
  2453459.159942            267.50                          5.80
  2453460.098807            291.90                          6.30
  2453460.154093            295.30                          5.80
  2453460.195850            301.20                          5.70
  2453510.037239            311.00                          6.00
  2453511.032443            396.10                          5.10
  2453511.036193            401.90                          5.10
  2453778.295467             15.70                          5.90
  2453778.301347             17.30                          5.80
  2453779.201277             19.40                          6.40
  2453817.101751             -4.50                          5.10
  2453819.133068             36.80                          4.60
  2453820.047891            -10.60                          5.50
  2453869.044301            239.50                          5.70
  2453888.036739            266.30                          5.80
  2453896.006225            261.30                          5.30
  2454038.363098            383.50                          4.80
  2454081.293115            243.40                          5.60
  2454123.162010            115.60                          4.00
  2454123.165055            118.20                          4.70
  2454125.186280            161.20                          4.80
  2454125.189092            166.30                          4.60
  2454147.244498             87.10                          5.20
  2454147.246338             83.50                          5.20
  2454151.307380             40.50                          5.20
  2454151.311002             37.20                          5.60
  2454205.151851            -40.30                         10.10
  2454207.097911             -6.30                          6.70
  2454209.085063            -70.40                          6.70
  2454209.088501            -67.20                          6.40
  2454210.138147            -52.70                          6.40
  2454214.070984            -76.10                         10.10
  2454223.050863            -90.50                          6.30
  2454223.057657            -88.30                          6.30
  2454223.060886            -87.60                          5.70
  2454223.064265            -84.50                          5.70
  2454224.020820            -22.60                          8.00
  2454224.026977            -23.10                          6.10
  2454224.034580            -21.00                          5.80
  2454224.042022            -19.90                          5.90
  2454225.049231            -26.60                          5.40
  2454225.052067            -29.20                          5.40
  2454225.054694            -26.20                          5.30
  2454225.057332            -27.60                          5.40
  2454227.987093            -32.30                          5.00
  2454227.990125            -31.90                          5.20
  2454227.992289            -35.80                          5.30
  2454227.994059            -30.10                          5.50
  2454228.961109            -87.10                          6.00
  2454228.963111            -83.90                          5.70
  2454228.965507            -85.40                          5.20
  2454228.967243            -87.50                          5.20
  2454230.968847            -61.90                          5.80
  2454230.970386            -72.50                          5.50
  2454230.972156            -65.50                          5.40
  2454230.973904            -67.70                          5.50
  2454235.999486            -19.50                          6.50
  2454236.002368            -21.80                          7.10
  2454236.005226            -26.10                          7.00
  2454241.994669            -24.60                          5.00
  2454241.997296            -22.80                          5.20
  2454241.999148            -26.90                          5.00
  2454242.001023            -22.90                          5.80
  2454242.002944            -21.70                          4.90
  2454242.963823            -11.30                          5.50
  2454242.965848             -7.10                          5.40
  2454254.986465            -28.90                          6.30
  2454254.989184            -25.60                          6.20
  2454263.003267            -10.40                          9.00
  2454263.007352            -25.70                          9.50
  2454263.013960            -16.30                          7.70
  2454264.031125             32.50                          7.50
  2454264.033671             31.30                          6.60
  2454264.036889             32.40                          6.80
  2454269.016633             46.30                          8.90
  2454269.018889             52.70                          7.40
  2454269.021436             47.90                          8.00
  2454273.989254             84.50                          6.20
  2454273.992078             90.80                          6.30
  2454273.995110             78.10                          6.00
  2454388.351691            322.50                          6.80
  2454388.355730            320.20                          7.40
  2454389.372500            356.60                          6.30
  2454389.376540            354.30                          5.70
  2454389.380649            355.90                          6.40
  2454390.370681            285.90                          5.70
  2454390.374732            290.70                          5.90
  2454396.375832            334.20                          7.30
  2454396.379687            337.80                          6.40
  2454426.380085            352.10                          6.30
  2454426.381393            349.20                          6.00
  2454426.382551            354.70                          6.50
  2454452.404499            382.60                          5.70
  2454452.406304            388.80                          6.70
  2454458.354959            280.50                          6.80
  2454458.357147            284.90                          6.80
  2454470.216053            336.00                          5.90
  2454470.219259            325.70                          6.20
  2454470.222465            328.70                          6.20
  2454470.225671            339.00                          6.40
  2454472.224505            322.00                          5.80
  2454472.227190            317.20                          9.30
  2454472.229875            322.60                          5.70
  2454472.233429            308.00                          9.00
  2454483.168020            208.10                          5.40
  2454483.170358            210.90                          5.50
  2454483.172175            214.90                          5.40
  2454483.174340            216.70                          5.50
  2454505.177577            217.40                          8.20
  2454506.201658            273.60                          6.00
  2454506.203452            276.50                          6.00
  2454506.205327            277.90                          5.60
  2454506.207653            270.30                          6.30
  2454516.250170            231.30                          5.80
  2454516.253353            229.40                          6.20
  2454536.133769            151.10                          5.70
  2454536.135667            150.70                          5.80
  2454536.137437            156.90                          6.00
  2454536.139000            152.40                          5.70
  2454537.181626            214.80                          6.80
  2454537.184138            202.70                          7.40
  2454537.187795            213.00                          5.90
  2454537.191799            208.60                          6.40
  2454549.967591            120.70                          6.30
  2454549.970403            121.10                          5.80
  2454550.959573            142.80                          5.30
  2454550.962675            139.00                          5.90
  2454550.966297            142.70                          5.40
  2454551.954656             64.10                          8.20
  2454551.957538             72.00                          6.90
  2454551.960744             71.10                          7.20
  2454551.963672             74.60                          6.70
  2454551.967016             65.90                          6.60
  2454551.969944             63.90                          6.80
  2454575.020263             24.60                          6.10
  2454575.022323             18.90                          5.40
  2454575.024556             27.30                          6.00
  2454575.026882             17.70                          5.80
  2454618.043283            -14.30                          5.50
  2454618.045169            -11.90                          6.20
  2454618.047056             -8.30                          5.90
  2454618.048942            -10.70                          6.10
  2454618.997301            -56.60                          7.10
  2454619.002659            -60.40                          6.70
  2454834.279749            455.70                          5.00
  2454834.281566            451.10                          4.60
  2454847.269458            376.20                          5.40
  2454847.271253            374.20                          5.20
  2454847.273047            376.50                          5.10
  2454847.274841            372.40                          5.50
  2454879.093335            414.40                          5.50
  2454879.095950            409.00                          5.70
  2454929.088055            367.40                         12.20
  2454929.093321            376.20                          9.90
  2454930.056224            351.70                          6.70
  2454930.058573            346.60                          6.00
  2454971.053095            271.20                          6.50
