\STAR_ID='HD 19373'
\DATA_CATEGORY='Planet Radial Velocity Curve'
\NUMBER_OF_POINTS='158'
\TIME_REFERENCE_FRAME='HJD'
\MINIMUM_DATE='2450004.96985'
\DATE_UNITS='days'
\MAXIMUM_DATE='2455846.83905'
\MINIMUM_VALUE='-25.7199993134'
\VALUE_UNITS='m/s'
\MAXIMUM_VALUE='17.5400009155'
\REFERENCE='Howard & Fulton, 2016'
\BIBCODE='2016arXiv160603134H'
\TELESCOPE='3.0m Shane'
\INSTRUMENT='l: Hamilton Spectrograph post-dewar 16 (after November 1994)'
\WAVELENGTH_CALIBRATION_TECHNIQUE='Iodine'
\OBSERVATORY_SITE='Lick Observatory, California'
\COLUMN_RADIAL_VELOCITY='Relative radial velocity'
\COLUMN_RADIAL_VELOCITY_UNCERTAINTY='Uncertainty in RADIAL_VELOCITY'
|          HJD| Radial_Velocity|Radial_Velocity_Uncertainty|
|       double|          double|                     double|
|         days|           m / s|                      m / s|
|         null|            null|                       null|
 2450004.96985    6.17999982834                        1.42 
 2450021.79981    16.5200004578                   2.1600001 
 2450023.75293    1.88999998569                   2.3800001 
 2450025.81836   0.330000013113                   2.1900001 
 2450026.80469   0.800000011921                         2.3 
 2450027.82848   0.600000023842                   1.7299999 
 2450029.81152    0.34999999404                   2.4100001 
 2450030.79688    9.44999980927                   2.4000001 
 2450031.83691    5.11999988556                        2.46 
 2450041.97852    4.26999998093                   2.4100001 
 2450046.78516    14.5699996948                   3.1600001 
 2450048.87054    6.36999988556                   2.6500001 
 2450056.87316    6.88000011444                   1.8200001 
 2450072.78809    5.32000017166                        2.29 
 2450086.79883    17.5400009155                   2.8900001 
 2450089.72363   -2.42000007629                   2.3800001 
 2450121.66894    11.6400003433                        2.22 
 2450127.68945    9.43999958038                   2.1700001 
 2450326.94531    5.07000017166                   2.0999999 
 2450327.95312    2.15000009537                   2.1099999 
 2450421.92544    10.0500001907                   1.6700001 
  2450437.8125    3.44000005722                   2.1700001 
 2450504.67871    6.40000009537                        2.29 
 2450656.98828   0.490000009537                         2.0 
 2450793.77344    3.31999993324                         3.0 
 2451130.88281   -5.55999994278                   3.2399998 
 2451174.74121    17.4699993134                        3.03 
 2451206.69824   -1.75999999046                   2.8299999 
 2451405.98828    3.47000002861                   3.1900003 
 2451426.00293              7.0                        3.53 
 2451428.02734   -2.00999999046                   2.8800001 
 2451430.03027  -0.620000004768                   3.1300004 
 2451436.03223    16.6399993896                        3.03 
 2451438.95898    14.3500003815                        3.21 
 2451477.94922    4.80000019073                   2.8599999 
  2451478.9209    7.90000009537                   3.1199999 
 2451480.88281    9.32999992371                   4.0300002 
 2451481.90918    6.61999988556                   3.9400001 
 2451500.87695   -4.36000013351                   3.3299999 
 2451501.77148   -4.03999996185                        3.23 
 2451542.72559    12.8999996185                   3.2899997 
 2451543.71582            13.25                         3.0 
  2451571.6543    1.02999997139                        3.71 
 2451572.61426    2.52999997139                   3.4100001 
 2451573.67773   -1.33000004292                   5.3099999 
 2451797.97949  -0.180000007153                   3.0799999 
  2452121.9856   -4.59000015259                        1.65 
 2452159.96422   -2.77999997139                   1.6999999 
 2452161.00977   -10.3100004196                        2.72 
 2452161.98649   -10.9300003052                         1.8 
 2452167.96465   -3.27999997139                        1.41 
 2452168.96965   -6.63000011444                        1.47 
 2452169.93636   -3.95000004768                   1.3100001 
 2452170.98742   -4.28000020981                        1.29 
 2452171.96778   -6.42999982834                   1.2400001 
 2452172.97928   -2.77999997139                        1.42 
 2452173.96086  -0.270000010729                        1.25 
 2452174.95313    -2.3900001049                   1.8599999 
 2452176.91655   -1.62999999523                        1.61 
   2452179.916   -1.12000000477                   1.7500001 
 2452180.92491   -2.11999988556                         1.5 
 2452181.92887   0.170000001788                        1.39 
  2452182.9063   0.800000011921                         1.4 
 2452183.93998   -1.33000004292                   1.4400001 
 2452184.88342   -1.94000005722                         1.4 
 2452186.93065    1.53999996185                        1.38 
 2452188.90526    1.01999998093                   1.2400001 
 2452189.96118    3.22000002861                        1.48 
  2452192.8952    4.69000005722                   1.7800001 
 2452193.83106    1.21000003815                        2.73 
 2452194.88421    1.95000004768                        1.85 
 2452195.90734    1.91999995708                   1.4899999 
 2452200.96772    4.85230016708                   0.9926778 
 2452201.90172              6.0                        1.37 
 2452202.91055    10.3500003815                         1.4 
 2452203.87154    6.76000022888                   1.5099999 
 2452204.89116    12.0900001526                         1.5 
 2452205.84177    7.61999988556                        2.01 
 2452207.86307    8.78999996185                        1.76 
  2452208.9528   -21.1100006104                   1.4400001 
 2452214.90963   -2.50999999046                   1.6299999 
 2452215.87467    3.30999994278                   1.6899999 
   2452217.913   -18.4599990845                        1.37 
 2452219.88667    4.40000009537                        1.54 
 2452220.88944  -0.209999993443                        1.66 
 2452221.86172  -0.540000021458                   1.7199999 
 2452223.80162    5.46000003815                   2.1800001 
 2452228.82135   -2.80999994278                        1.59 
 2452241.70254   -20.7000007629                        1.33 
 2452256.87938   -3.53999996185                   2.1300001 
 2452262.74288   -3.19000005722                        1.58 
 2452278.81023    1.85000002384                        1.85 
 2452281.78001   0.959999978542                   2.0899999 
 2452298.68521   -25.7199993134                   1.6800001 
 2452307.67969   -1.12999999523                   2.6400003 
 2452336.61914    17.4899997711                   4.3600001 
 2452337.60938              0.0                   3.1800001 
 2452607.88532   -18.4899997711                        1.37 
 2452611.77243   -20.0100002289                        1.25 
  2452612.7385   -17.1399993896                   1.2999998 
 2452990.75781   -13.6400003433                        2.45 
 2453009.72852   -18.7700004578                         2.5 
 2453013.69922   -19.9699993134                        2.23 
 2453033.66211   -7.36000013351                        2.47 
 2453280.99902   -6.55999994278                         2.7 
  2453336.7959   -8.93999958038                        2.55 
 2453337.69727   0.889999985695                   2.6200001 
 2453338.63672   -16.4699993134                   2.6400003 
 2453339.77583   -12.1999998093                        2.25 
 2453384.70612   -14.3299999237                        2.46 
 2453388.69773   -11.5200004578                         2.7 
 2453390.72516   -14.6300001144                        2.52 
 2453391.68645   -13.9600000381                   2.6700001 
 2453392.67885   -8.89999961853                   2.5599999 
 2453393.59913   -16.7099990845                   2.5899999 
 2453402.64286   -3.69000005722                   2.4000001 
 2453403.63596  -0.389999985695                   2.4400001 
 2453404.63086    -11.970000267                   2.4000001 
 2453405.65546   -7.63000011444                         2.3 
 2453636.91917    2.80999994278                   2.5999997 
 2453637.92612   -3.15000009537                   2.4800003 
 2453743.69796   -15.6499996185                   2.3900001 
 2453751.76277   -14.5100002289                   2.5799999 
 2453752.73569   -12.5200004578                   1.4299999 
 2453755.63837   -6.46999979019                        2.74 
 2453756.69245   -18.7900009155                        2.24 
 2453774.61262           -18.75                        2.55 
 2453962.90736   -4.15000009537                   2.3800001 
 2453963.92146  -0.910000026226                   2.6200001 
 2453964.97219   -6.78000020981                   2.6600001 
 2453988.00658   -15.8000001907                   1.7500001 
 2453988.84892   -16.2099990845                        2.54 
  2453989.9297   -8.72000026703                   2.3900001 
 2454049.81177   -3.47000002861                        3.23 
 2454072.75827   -12.9200000763                   1.8099998 
  2454073.7629   -8.76000022888                   2.6700001 
 2454102.71491   -7.28000020981                   2.8399999 
 2454103.69383   -10.6599998474                        2.46 
 2454133.74419   -5.44000005722                        1.85 
 2454134.68751   -11.9899997711                   1.6999999 
 2454135.69725 -0.0799999982119                        1.85 
 2454310.98261   -5.19000005722                        2.79 
 2454337.94638   -19.4799995422                   2.3199999 
 2454339.99154   -14.4399995804                   1.6800001 
 2454373.97655   -13.1999998093                        1.61 
 2454383.01237   -7.15000009537                        1.99 
 2454426.81542   -25.2099990845                        1.74 
 2454449.79854   -3.55999994278                        0.98 
 2454722.98207   -12.3199996948                   1.6199999 
 2454723.97442   -1.01999998093                         1.5 
 2454783.76455   -3.02999997139                   2.9799998 
  2454785.8434   -10.9499998093                        1.64 
  2454846.6976   -3.84999990463                        1.52 
 2454848.72335    -3.3599998951                        1.52 
 2454849.70283   -2.79999995232                        1.48 
 2454863.62729    10.2600002289                        2.26 
  2455171.8274    7.15000009537                        3.28 
 2455846.83905   -6.80999994278                   2.5999997 
