\STAR_ID='HD 34411'
\DATA_CATEGORY='Planet Radial Velocity Curve'
\NUMBER_OF_POINTS='259'
\TIME_REFERENCE_FRAME='HJD'
\MINIMUM_DATE='2449766.67847'
\DATE_UNITS='days'
\MAXIMUM_DATE='2455846.93551'
\MINIMUM_VALUE='-25.0200004578'
\VALUE_UNITS='m/s'
\MAXIMUM_VALUE='17.2999992371'
\REFERENCE='Howard & Fulton, 2016'
\BIBCODE='2016arXiv160603134H'
\TELESCOPE='3.0m Shane'
\INSTRUMENT='l: Hamilton Spectrograph post-dewar 16 (after November 1994)'
\WAVELENGTH_CALIBRATION_TECHNIQUE='Iodine'
\OBSERVATORY_SITE='Lick Observatory, California'
\COLUMN_RADIAL_VELOCITY='Relative radial velocity'
\COLUMN_RADIAL_VELOCITY_UNCERTAINTY='Uncertainty in RADIAL_VELOCITY'
|          HJD| Radial_Velocity|Radial_Velocity_Uncertainty|
|       double|          double|                     double|
|         days|           m / s|                      m / s|
|         null|            null|                       null|
 2449766.67847    8.61999988556                   2.9799998 
 2449793.65723   -7.86000013351                   2.3499999 
 2450011.99023    6.44000005722                   2.3199999 
 2450031.91113    13.3299999237                   2.5799999 
 2450046.86901    5.21000003815                   2.4300001 
 2450068.82334    3.50999999046                   1.9800001 
 2450087.75586    7.59999990463                        2.22 
 2450091.75684             7.25                   2.1600001 
 2450145.61328   -3.78999996185                        1.87 
 2450150.69911  -0.019999999553                        1.85 
 2450152.70063    1.85000002384                   2.8900001 
 2450325.97754    4.19999980927                        1.99 
 2450328.02148    6.48999977112                        1.97 
 2450421.84503    2.52999997139                        1.66 
 2450437.88086  -0.819999992847                        2.05 
 2450502.71582   -3.43000006676                         2.2 
 2450503.67871    2.58999991417                   2.4800003 
 2450504.73438    2.08999991417                   2.0599999 
 2450537.71108    12.6700000763                   1.6700001 
 2450550.66837    3.44000005722                   2.0999999 
 2450682.02051    7.03999996185                        2.05 
 2450793.83203   0.889999985695                   2.4800003 
 2450794.81348   -1.60000002384                   2.3099999 
 2450854.71326    1.65999996662                   2.1900001 
 2451046.02734    15.1300001144                   3.3199999 
 2451047.01201    16.3600006104                        1.85 
 2451048.01807    9.18000030518                   1.9500002 
 2451048.99427    9.18999958038                        1.46 
 2451049.99523    8.09000015259                        1.36 
 2451069.98961    9.18999958038                   1.7199999 
 2451074.98151    1.33000004292                        1.53 
 2451075.97529    3.70000004768                        1.42 
  2451100.9636    11.1499996185                        1.38 
 2451130.94441    9.14000034332                   1.8300002 
 2451131.88181    16.6399993896                   1.9200001 
 2451132.90125    17.0300006866                        2.03 
 2451133.91814            12.25                   2.5699999 
 2451152.88477    12.8400001526                   3.1099999 
  2451154.8291    1.39999997616                   4.5700002 
 2451173.87168   -3.68000006676                        2.25 
 2451174.83519   -4.36000013351                   2.5699999 
 2451175.86483  -0.610000014305                   2.3199999 
 2451206.78946    12.3400001526                   2.3800001 
 2451212.73016    8.80000019073                   2.4200001 
 2451213.73577    11.0699996948                   2.1700001 
 2451440.02637    4.05000019073                   2.6500001 
 2451445.04204    2.94000005722                   2.0599999 
 2451447.04201    9.88000011444                         1.4 
 2451447.99609    6.19999980927                        3.73 
 2451453.95795    5.73000001907                        1.27 
 2451454.98975    2.03999996185                   2.4000001 
 2451468.93731    8.18000030518                         2.0 
 2451496.89798    9.39000034332                   2.1800001 
 2451536.82172   -4.36999988556                        2.03 
 2451539.79116    1.13999998569                   1.7299999 
 2451628.61992    3.11999988556                         2.0 
  2451629.6416    13.7100000381                   2.5799999 
  2451804.0332    8.11999988556                        2.77 
 2451806.03027    7.98999977112                        2.53 
 2451808.00977    14.3800001144                        2.78 
 2451814.97773    6.90000009537                   1.8099998 
  2451816.9759    6.69000005722                        1.96 
 2451822.97575    6.28000020981                        1.76 
 2451823.98164    12.2899999619                   1.8099998 
 2451825.00195     11.029999733                         2.5 
 2451825.94907    2.33999991417                   1.8599999 
 2451826.94911    5.05999994278                   2.1099999 
 2451830.95986    8.93999958038                   1.7299999 
 2451831.95014    5.84999990463                   1.9399999 
 2451837.04503    8.76000022888                   2.0799999 
 2451841.93945             13.0                   2.7500002 
     2451854.0    8.02999973297                   3.3099999 
 2451854.97949    4.88000011444                         3.7 
 2451855.98242    3.55999994278                   3.8400002 
 2451856.85059    6.05999994278                   2.9100001 
  2451859.9259    2.77999997139                   2.0899999 
 2451860.93386    8.26000022888                         2.0 
 2451865.97752    8.28999996185                        2.49 
 2451866.89941   -1.04999995232                   3.1600001 
 2451869.86328    8.57999992371                   3.1900003 
 2451873.93867  -0.990000009537                        2.26 
 2451879.84216    5.19000005722                         2.7 
 2451880.89692    4.03999996185                   2.4200001 
 2451891.78516   -2.88000011444                   4.0100002 
   2451894.875    6.96999979019                   3.1199999 
 2451895.76562    1.08000004292                   2.9300001 
 2451896.84375    6.51000022888                   3.6199996 
 2451897.80176   -2.84999990463                   3.3699999 
 2451898.81836   -1.99000000954                   2.8599999 
 2451907.78931    2.48000001907                        1.97 
 2451909.82227    5.07999992371                   2.8399999 
 2451913.76856    7.84000015259                   3.0199997 
 2451914.78343    3.54999995232                   2.0699999 
 2451915.72359    4.82999992371                   2.1400001 
 2451916.75684    1.42999994755                   2.8699999 
 2451927.73707    2.74000000954                   2.0999999 
 2451929.70996             0.75                         3.2 
 2451930.75781   -8.13000011444                         3.8 
  2451932.7793    8.96000003815                   3.3400002 
 2451946.72168    6.44999980927                   2.5599999 
 2452160.02129    9.93999958038                        1.76 
  2452161.9941    6.05000019073                        1.85 
 2452172.02341    11.8400001526                   1.9800001 
 2452173.02023    14.3299999237                   2.0999999 
 2452174.02816    12.2700004578                   2.0999999 
 2452181.03504    12.4499998093                   2.3499999 
 2452182.02443    13.5100002289                         2.0 
 2452183.01068    9.53999996185                        1.61 
 2452184.02402    7.73000001907                        1.58 
 2452185.02682    13.8000001907                   1.7800001 
 2452189.03865    5.90999984741                        2.01 
 2452201.04394    15.1700000763                        2.71 
 2452204.98898    11.4899997711                   2.5799999 
 2452209.01855   -17.3400001526                        1.27 
 2452215.97791   0.119999997318                   2.1500001 
 2452216.98474    3.21000003815                   1.7299999 
 2452219.95229    2.17000007629                   2.1099999 
 2452232.89145    5.44000005722                   1.6700001 
 2452241.77078   -9.18000030518                        1.91 
 2452282.72244   -3.66000008583                   3.6199996 
 2452286.77989    6.67999982834                   2.6600001 
 2452306.73465    8.47000026703                        1.96 
 2452336.60938   -16.6000003815                        4.02 
 2452337.60547    10.9799995422                   3.7499998 
 2452575.92818  -0.589999973774                        1.99 
 2452598.93077   -4.34000015259                        1.47 
 2452599.88574   -4.51999998093                   2.9799998 
 2452600.86821   -6.86999988556                        1.16 
 2452606.87384   -19.6299991608                   1.4899999 
 2452608.90039   0.769999980927                   3.1099999 
 2452609.01853           -11.75                        1.88 
 2452611.82806            -4.75                        1.36 
 2452631.79751   -12.6999998093                        1.52 
 2452656.80989   -17.6100006104                        1.41 
 2452657.75001   -16.8899993896                        1.58 
 2452658.87145   -16.1399993896                        1.65 
 2452659.84569            -14.5                   1.3200002 
  2452705.6815   -9.90999984741                   1.6700001 
 2452706.67415   -22.3500003815                        1.22 
 2452722.67546   -6.63999986649                   1.6299999 
 2452738.68219   -15.3999996185                        1.48 
 2452890.00621   -2.93000006676                   1.7199999 
 2452911.01881   -9.02000045776                   1.6199999 
 2452922.01721   -3.82999992371                        1.22 
 2452926.98227   -7.30999994278                        1.16 
 2452937.98887   -12.7100000381                   1.0599999 
 2452939.02425   -8.64999961853                        1.27 
 2452968.97318            -12.0                        1.34 
 2452990.83594   -19.7399997711                         2.2 
 2452991.81206   -18.9699993134                        1.52 
 2452995.96323   -4.13999986649                        2.03 
 2453008.79269   -7.15999984741                        1.64 
  2453009.7414   -4.92999982834                        1.71 
 2453014.83203            -2.25                        2.51 
  2453018.8125    -3.3599998951                   2.3099999 
 2453020.85547   -3.79999995232                   2.8399999 
 2453021.82124   -8.01000022888                   2.9300001 
 2453034.76665   -12.5699996948                   1.6899999 
 2453044.73924    -13.529999733                   1.6700001 
 2453048.76822   -11.3800001144                   1.7299999 
  2453068.6466   -7.51999998093                   1.6299999 
 2453078.64648   -19.8500003815                        2.21 
 2453079.65004   -4.92999982834                        1.76 
 2453080.65511   -15.9899997711                   1.5599999 
  2453081.6572   -6.26999998093                   1.5599999 
 2453100.66208   -10.3999996185                         1.6 
 2453101.66373            -9.75                   1.8200001 
 2453102.70401   -17.2099990845                        1.59 
 2453107.66731   -12.3500003815                        1.74 
 2453108.65151   -11.5100002289                        1.84 
 2453251.02708   -11.3900003433                        1.65 
 2453252.03186   -3.80999994278                        1.76 
 2453275.01289   -5.32999992371                   1.3100001 
 2453275.96327   -13.3100004196                   1.0599999 
 2453276.88769  -0.469999998808                   2.5999997 
 2453278.90166   -1.40999996662                   1.6999999 
 2453279.90344   0.310000002384                   1.4400001 
 2453281.00295   -3.61999988556                   1.6999999 
 2453281.97266   -17.3099994659                   2.1099999 
 2453283.01162   -15.7600002289                        1.47 
 2453284.88659   -3.02999997139                        1.26 
 2453285.90318    6.80999994278                   1.6199999 
 2453311.92111   -11.2700004578                        1.46 
 2453315.98312   -5.69999980927                        1.27 
 2453316.87362   -6.76000022888                         1.6 
 2453317.87312    1.90999996662                        1.96 
 2453334.84474   -10.8100004196                        1.64 
  2453337.7697  -0.119999997318                        1.84 
 2453338.79954    1.24000000954                   1.8599999 
 2453339.86159   -8.53999996185                   1.4299999 
 2453340.87156   -4.59000015259                   1.2999998 
  2453341.9167    1.87000000477                        1.21 
  2453349.8748    1.12000000477                        1.85 
 2453360.84732   -14.7600002289                   1.7800001 
  2453362.8321   -11.3100004196                   1.6800001 
 2453383.76432   -12.1899995804                   1.9500002 
 2453384.73602   -6.46999979019                        2.02 
 2453385.73878   -5.78999996185                        1.96 
 2453386.78591   -4.78999996185                   1.9800001 
 2453387.75713   -4.09999990463                        2.04 
  2453388.7288   -21.6700000763                   2.4000001 
 2453389.79398   -23.3199996948                        2.52 
 2453390.78986   -11.8100004196                   2.6600001 
 2453391.79735   -17.7800006866                   2.5799999 
 2453392.69294   -10.9099998474                   2.4400001 
 2453394.74858    2.94000005722                        2.74 
 2453402.76621  -0.330000013113                   2.3199999 
 2453403.76624   -1.99000000954                        2.24 
 2453404.71528   -6.67000007629                   2.3199999 
 2453405.75478   -14.7899999619                        2.55 
 2453436.63881    -11.720000267                   2.6700001 
 2453437.63753   -14.6400003433                   2.3900001 
 2453438.64013   -8.43000030518                        2.51 
 2453439.64559    -11.279999733                        2.78 
 2453440.64584   -14.1300001144                   2.5899999 
 2453441.64347    -11.029999733                         2.8 
 2453460.66111   -5.38999986649                        1.96 
 2453638.03229    3.52999997139                        2.47 
 2453743.77233   -3.68000006676                        1.88 
 2453744.71267   -15.0200004578                   2.4000001 
 2453751.82092   -11.9600000381                   1.5500001 
  2453752.7525     2.6099998951                   1.9800001 
 2453755.70612   -12.5500001907                   2.3099999 
 2453756.74874   -17.9400005341                   2.1800001 
 2453962.98345    4.28000020981                        1.74 
  2453963.9988    6.96999979019                   2.8900001 
 2453965.01997    10.0200004578                        2.45 
 2453988.98571 -0.0900000035763                   2.3599999 
 2454049.98789   -25.0200004578                   2.3499999 
 2454072.84057   -15.6099996567                        2.29 
 2454073.82173   -8.89999961853                   1.6700001 
 2454099.87657   -6.48000001907                        1.45 
 2454133.77505   -1.61000001431                   2.4300001 
 2454134.71782   -9.35999965668                   1.2999998 
 2454166.64288   -11.0200004578                        1.88 
 2454167.65828   -8.46000003815                   1.7299999 
 2454338.01692   0.469999998808                   2.3800001 
 2454340.00969   -9.15999984741                        1.23 
 2454341.02265   -3.78999996185                        1.04 
 2454425.96175   -8.56999969482                   2.6500001 
 2454426.95656   -3.03999996185                        2.54 
 2454427.96486   -7.57000017166                        2.45 
 2454428.96906   -8.51000022888                        2.26 
 2454458.75945   -9.93000030518                   1.1799999 
 2454517.72785   -8.78999996185                        1.71 
 2454547.71788   -16.9500007629                        2.27 
 2454783.88236   -2.06999993324                   2.6600001 
 2454786.00014   -5.63999986649                   1.6700001 
 2454847.74593  -0.330000013113                        1.89 
 2454848.77063   -7.94999980927                   1.8099998 
 2454849.74036   -5.92000007629                   1.6700001 
 2454863.78775    7.40999984741                   2.8199999 
 2454864.72961              8.5                   2.3499999 
 2454865.72325   -2.71000003815                   2.8900001 
 2455171.96396   -2.69000005722                        2.74 
 2455228.68917    17.2999992371                   2.8499999 
 2455439.02726    9.77999973297                        2.01 
 2455577.80417   -2.78999996185                   2.6099999 
 2455846.93551    6.67999982834                        2.46 
