\STAR_ID='HD 157214'
\DATA_CATEGORY='Planet Radial Velocity Curve'
\NUMBER_OF_POINTS='71'
\TIME_REFERENCE_FRAME='HJD'
\MINIMUM_DATE='2449822.00443'
\DATE_UNITS='days'
\MAXIMUM_DATE='2455229.08346'
\MINIMUM_VALUE='-21.345287323'
\VALUE_UNITS='m/s'
\MAXIMUM_VALUE='20.307554245'
\REFERENCE='Howard & Fulton, 2016'
\BIBCODE='2016arXiv160603134H'
\TELESCOPE='3.0m Shane'
\INSTRUMENT='l: Hamilton Spectrograph post-dewar 16 (after November 1994)'
\WAVELENGTH_CALIBRATION_TECHNIQUE='Iodine'
\OBSERVATORY_SITE='Lick Observatory, California'
\COLUMN_RADIAL_VELOCITY='Relative radial velocity'
\COLUMN_RADIAL_VELOCITY_UNCERTAINTY='Uncertainty in RADIAL_VELOCITY'
|          HJD|Radial_Velocity|Radial_Velocity_Uncertainty|
|       double|         double|                     double|
|         days|          m / s|                      m / s|
|         null|           null|                       null|
 2449822.00443   2.79170703888                    1.929153 
  2449871.8397   8.23749923706                   2.3255754 
 2449881.98977   3.84947109222                   1.5483702 
 2449892.80782   11.9936580658                   2.0869913 
 2449914.85871   3.03540039062                   1.6876717 
 2450186.97943    2.1800224781                   2.8006175 
 2450201.96859   2.70839357376                   2.7316661 
 2450214.87501    6.7138299942                    3.038918 
 2450262.83203  -2.78999996185                   2.1199999 
 2450610.93848   9.11999988556                        2.54 
 2450614.82031             8.5                   2.5799999 
 2450640.79394   6.55999994278                   2.4800003 
 2450655.76758  0.219999998808                   2.1700001 
 2450893.06935   2.61999988556                        2.52 
 2450978.88925   4.46338224411                   2.6638525 
 2451004.80433  -2.54999995232                   3.1800001 
 2451006.79199   4.15000009537                   3.1900003 
 2451014.77089   7.60337162018                   2.7560093 
 2451026.76172  -7.88999986649                   2.6300004 
 2451045.71875   6.26999998093                   3.4599998 
 2451299.90137  -2.31999993324                   2.6400003 
 2451337.79297   9.18999958038                   3.5799997 
  2451390.7446   2.64252328873                   3.0489478 
 2452033.98828  -1.03999996185                        2.53 
 2452041.93843   9.17617225647                   2.1737251 
 2452085.81061   6.66763877869                   2.5253088 
  2452101.7919    2.5699763298                    2.283134 
 2452103.79624    3.7977244854                    2.528439 
 2452120.76856  -8.71000003815                   2.6200001 
 2452121.75879   6.95450782776                   1.9248132 
 2452122.77066  -3.10651826859                   1.9560087 
 2452127.77033   2.84291481972                    2.354538 
 2452376.91208  -3.71146893501                   2.5239856 
 2452380.94531   5.30999994278                   3.3400002 
 2452427.92234   8.57260322571                   2.3297584 
 2452448.86914  -9.07999992371                   2.5899999 
 2452450.92386    4.3643579483                   2.1530619 
 2452451.86593   1.78296673298                   2.0798955 
 2452470.79362   -21.345287323                   1.7515302 
 2452475.72019  -6.85165643692                   1.4857758 
 2452476.72462   4.28887939453                   1.6523954 
 2452477.72105  -1.03935682774                   1.4420254 
 2452478.72235   3.74798154831                   1.4409797 
 2452492.71854  -6.01814556122                   1.7535821 
 2453117.98126  -11.5450973511                   1.9099419 
 2453118.97413  -5.31566524506                   2.7002001 
 2453119.99308  0.966700315475                    2.340235 
 2453120.92175   3.13113117218                    1.870103 
 2453147.91134   4.59302282333                   1.7112116 
 2453200.76535  -5.57981777191                    2.124131 
 2453475.00461  -8.90999984741                   3.8599999 
 2453476.94604           -4.25                   3.6300001 
 2453511.85585   10.2700004578                   3.1800001 
 2453512.85343   14.1499996185                   3.2499998 
 2453523.85634   14.8699998856                   3.3999999 
 2453569.73921  -13.2100000381                   4.3800001 
 2453572.75191   1.98000001907                   4.7399998 
 2453594.69977  -19.5799999237                   4.0799999 
 2453843.94866  -3.36999988556                         2.3 
 2453898.87639  0.558521270752                   3.4987857 
 2453900.81496    12.991973877                   2.6036096 
 2453901.85107  -8.53999996185                   3.9200001 
 2453903.79747    20.307554245                   3.0965223 
  2453904.8368   6.68541622162                   2.9597156 
  2453905.8562   9.34004306793                   3.1838155 
 2453958.70774  -4.36000013351                   2.6099999 
 2454253.88663  -3.26051425934                   1.9365048 
 2454255.91889  -0.10000000149                   2.4300001 
 2454311.74727  -16.0900001526                   2.7500002 
 2454548.05468  -1.75999999046                        2.76 
 2455229.08346   3.33949875832                   2.6886249 
