\STAR_ID='HD 84737'
\DATA_CATEGORY='Planet Radial Velocity Curve'
\NUMBER_OF_POINTS='44'
\TIME_REFERENCE_FRAME='HJD'
\MINIMUM_DATE='2454085.01469'
\DATE_UNITS='days'
\MAXIMUM_DATE='2456641.03302'
\MINIMUM_VALUE='-9.11464295636'
\VALUE_UNITS='m/s'
\MAXIMUM_VALUE='7.85889373991'
\REFERENCE='Howard & Fulton, 2016'
\BIBCODE='2016arXiv160603134H'
\TELESCOPE='10m Keck I'
\INSTRUMENT='j: post-upgrade Keck HIRES (after August 19 2004)'
\WAVELENGTH_CALIBRATION_TECHNIQUE='Iodine'
\OBSERVATORY_SITE='Mauna Kea, Hawaii'
\COLUMN_RADIAL_VELOCITY='Relative radial velocity'
\COLUMN_RADIAL_VELOCITY_UNCERTAINTY='Uncertainty in RADIAL_VELOCITY'
|          HJD| Radial_Velocity|Radial_Velocity_Uncertainty|
|       double|          double|                     double|
|         days|           m / s|                      m / s|
|         null|            null|                       null|
 2454085.01469   -2.72567189761                   0.6655136 
 2454138.94655    2.73352210612                   0.6629783 
 2454399.13544  -0.507697836855                   1.0374029 
 2454806.08406   -1.41898216822                   1.3657038 
 2454807.09934   -2.85611170354                   1.2350057 
 2454808.03626    2.38089824122                   1.1807203 
 2454809.11795     3.8781069543                   1.1260672 
 2454810.01148   -1.05389216052                   1.2163116 
 2454811.06198   -3.36421261632                   1.2486029 
 2454839.07662   0.643352009219                   1.3090223 
 2454865.04392   -7.41762396977                   1.1766156 
 2454865.90223   -9.11464295636                   1.7376175 
 2454867.90685   -1.59193140558                   1.3841299 
 2454929.84209   -0.48671659368                   1.2292979 
 2454934.94721    2.00987036583                   0.8333687 
 2454954.87702   -2.50465310688                   1.2695912 
 2454983.81839   0.523982374022                   1.1212679 
  2454984.7842   -3.82617319982                   1.1598641 
 2454985.79969   -5.26700181082                   1.1125056 
 2454987.80378   -6.53637697905                   1.1614604 
 2454988.82092   -1.12297224309                   1.1469752 
  2455014.7374   -4.22695604888                   1.2717062 
 2455134.15364  -0.625036505643                   1.2804111 
 2455136.12888   -1.31427682971                   1.2672505 
 2455350.73349    -2.6744627504                   1.1434094 
 2455380.73397 -0.0495686986173                   1.2294952 
 2455522.16395    7.85889373991                   1.1748661 
 2455545.17841   -1.18162230371                   1.2227544 
 2455636.94449    1.00304331557                   1.2740716 
 2455672.79319    4.52999871419                   1.1602958 
 2455704.73386   -4.37801824001                   1.1080587 
 2455705.72996   -1.59780256935                   1.0985078 
 2455722.74272    3.13627677913                   1.2900347 
 2455723.73461    2.88817462316                   1.2866344 
 2455728.73891   -1.34376292732                   1.3070918 
 2455871.15577    1.13566226675                   1.2576092 
  2455879.1623    3.07912454279                   1.0987617 
 2455902.17475     2.9955431001                   1.1736085 
 2455904.17526   -3.00373074172                   1.2313833 
 2455994.97563   -1.33083769728                   1.3272237 
 2456319.83992    1.62452368237                   1.2769599 
 2456446.74138   -2.96513175129                   1.1401985 
 2456588.15792   -3.90663792504                   1.1603813 
 2456641.03302   -5.26234984256                    1.242875 
