\STAR_ID='HD 22049'
\DATA_CATEGORY='Planet Radial Velocity Curve'
\NUMBER_OF_POINTS='61'
\TIME_REFERENCE_FRAME='HJD'
\MINIMUM_DATE='2455110.97985'
\DATE_UNITS='days'
\MAXIMUM_DATE='2456896.11131'
\MINIMUM_VALUE='-22.4626563376'
\VALUE_UNITS='m/s'
\MAXIMUM_VALUE='31.5683226223'
\REFERENCE='Howard & Fulton, 2016'
\BIBCODE='2016arXiv160603134H'
\TELESCOPE='10m Keck I'
\INSTRUMENT='j: post-upgrade Keck HIRES (after August 19 2004)'
\WAVELENGTH_CALIBRATION_TECHNIQUE='Iodine'
\OBSERVATORY_SITE='Mauna Kea, Hawaii'
\COLUMN_RADIAL_VELOCITY='Relative radial velocity'
\COLUMN_RADIAL_VELOCITY_UNCERTAINTY='Uncertainty in RADIAL_VELOCITY'
|          HJD|Radial_Velocity|Radial_Velocity_Uncertainty|
|       double|         double|                     double|
|         days|          m / s|                      m / s|
|         null|           null|                       null|
 2455110.97985  -6.91123518561                   1.3010491 
 2455171.90825  -4.18426477276                   1.1053758 
 2455188.78841   7.50670814294                   1.0952611 
  2455231.7593   -8.5845016399                   1.1155771 
 2455255.70887   1.49775856788                   0.7140305 
 2455260.71231   1.71440221057                   1.0534586 
 2455261.71825  0.385044141096                   1.3737895 
 2455413.14376  -11.1990557522                    0.754904 
 2455414.13849  -16.8189634658                   0.9530633 
 2455415.14082  -20.9137164368                   0.8032321 
 2455426.14477  -18.0266017079                   0.8571001 
 2455427.14813  -18.4768545933                   0.8349095 
 2455428.14758  -22.0321857209                   0.8397486 
 2455429.14896  -18.9507820672                   0.8537076 
 2455434.14805   7.02779599663                   0.8246018 
 2455435.14705   4.06223205515                   0.8556995 
 2455436.14535  -2.60002647003                   0.8065766 
 2455437.15006  -5.41170738596                   0.9187779 
 2455438.15172  -14.6983134393                   0.8869939 
 2455439.15023    -13.35518827                   0.4965468 
 2455440.15188  -22.4626563376                   0.8938336 
 2455441.15033  -19.8809388765                   0.9827268 
 2455456.01632   3.87778205707                    0.998957 
 2455465.07401  -13.4583752714                   0.9881287 
  2455469.1284   7.20602180994                   1.0348449 
 2455471.97444   -4.2343339801                   1.1753985 
 2455487.00413  -9.54109341164                    0.978662 
 2455500.98687  -3.20009109296                   1.0574936 
 2455521.89317  -11.7266496161                   1.0622054 
 2455542.95125  -9.05019697694                   1.1576698 
 2455613.70363  0.484495689608                   1.0479707 
 2455791.13884   1.39587421496                   0.8284946 
 2455792.13464  -9.34295831328                   0.8854877 
 2455793.13858  -18.2388102924                    0.846943 
 2455795.14053  -15.3835221319                   0.9564223 
 2455797.13828  -5.98273756946                   0.7895343 
 2455798.14195  -4.89593318779                   0.8350075 
  2455807.1116   -3.6604345125                   0.9672609 
  2455809.1367  -1.19890551054                    1.021652 
  2455870.9902   1.91333882227                   1.2221501 
 2455902.90328   3.90561254208                   0.7174419 
 2455960.69933  -7.98676419095                   1.2026143 
 2456138.12976  -2.93419485584                   0.8661574 
 2456149.13256  -2.76967235535                   0.5185487 
 2456173.13157   -1.5263875404                   1.0086843 
 2456202.99825   18.7563054408                   0.7204685 
 2456327.70174   20.1564851607                   1.0797502 
  2456343.7026   16.3117844724                   1.0751108 
 2456530.11763   6.58715649951                    0.870068 
 2456532.12218   8.01918153891                    0.812832 
 2456587.96668   14.2555014757                   1.0646459 
 2456613.91026   14.8165201756                   0.9937845 
 2456637.81493   23.2575035793                   1.0342591 
 2456638.79118   31.5683226223                   1.0499891 
 2456674.80603   11.5444581077                   1.0338409 
 2456708.78257   2.17123721582                   0.9899474 
 2456884.13093   12.5803829202                   0.9690292 
 2456889.14678   18.0436681265                   0.7782944 
 2456890.14703   12.7734359895                   0.8426852 
 2456894.13998   8.33137759257                    0.829381 
 2456896.11131   14.8432912458                   0.7754164 
