\STAR_ID='HD 84737'
\DATA_CATEGORY='Planet Radial Velocity Curve'
\NUMBER_OF_POINTS='66'
\TIME_REFERENCE_FRAME='HJD'
\MINIMUM_DATE='2449681.0663'
\DATE_UNITS='days'
\MAXIMUM_DATE='2454847.90008'
\MINIMUM_VALUE='-15.6999998093'
\VALUE_UNITS='m/s'
\MAXIMUM_VALUE='21.9400005341'
\REFERENCE='Howard & Fulton, 2016'
\BIBCODE='2016arXiv160603134H'
\TELESCOPE='3.0m Shane'
\INSTRUMENT='l: Hamilton Spectrograph post-dewar 16 (after November 1994)'
\WAVELENGTH_CALIBRATION_TECHNIQUE='Iodine'
\OBSERVATORY_SITE='Lick Observatory, California'
\COLUMN_RADIAL_VELOCITY='Relative radial velocity'
\COLUMN_RADIAL_VELOCITY_UNCERTAINTY='Uncertainty in RADIAL_VELOCITY'
|          HJD| Radial_Velocity|Radial_Velocity_Uncertainty|
|       double|          double|                     double|
|         days|           m / s|                      m / s|
|         null|            null|                       null|
  2449681.0663   -9.27000045776                       13.75 
 2449767.87109    21.9400005341                        2.71 
 2449793.82617    7.48999977112                        2.22 
 2450047.05469    15.4899997711                   2.9000001 
 2450088.95117     11.970000267                   2.4000001 
 2450091.98438    2.97000002861                   2.4000001 
 2450128.91408            15.75                        1.91 
 2450144.77635    11.6999998093                   1.5500001 
 2450172.73768    16.0699996948                        1.87 
 2450181.71582    6.48999977112                   2.0699999 
 2450202.73788    16.6100006104                        1.91 
 2450437.96973    12.9799995422                         2.3 
 2450441.96777    10.7700004578                   2.3399999 
 2450503.82031              9.0                        2.46 
 2450793.92383    4.17000007629                   2.1700001 
 2450794.97656    4.65000009537                   2.3900001 
  2450919.7959    13.9899997711                   4.1599998 
 2450921.66211     10.970000267                        3.01 
 2450922.66894   0.930000007153                   3.5799997 
 2450923.66113    16.5200004578                        3.23 
 2450924.66016    1.90999996662                        3.52 
 2451155.03516   -4.88000011444                         2.8 
 2451174.01172    18.8999996185                        3.52 
 2451242.81055   -7.88000011444                   2.6400003 
 2451535.02051    12.5799999237                   2.9300001 
  2451536.9541    5.23999977112                   2.6500001 
 2451593.84375   -8.28999996185                   3.6700001 
 2451928.87012    5.57999992371                   3.1400003 
 2451939.91122   -10.8100004196                        2.53 
 2453018.95117   -1.37999999523                   2.3299999 
 2453130.72559   -10.1700000763                        1.89 
 2453149.70253   -3.05999994278                   1.6700001 
 2453339.00586   -3.81999993324                   2.8800001 
 2453349.99023    18.2600002289                        6.71 
 2453361.00838    8.31999969482                        2.95 
 2453362.94996    7.92000007629                   2.3199999 
 2453363.92034 -0.0900000035763                   2.3800001 
 2453383.92494    4.11000013351                        2.01 
 2453385.95746    8.31999969482                   2.0799999 
 2453386.88729   -5.30000019073                   2.1900001 
 2453391.96309   -15.6999998093                   2.3199999 
 2453402.90176   -6.09000015259                   2.4400001 
  2453403.9144    5.03999996185                   2.3299999 
 2453404.90087   -11.8999996185                   2.5699999 
 2453405.89733   -9.55000019073                        2.49 
 2453437.81903             -9.0                   2.5999997 
 2453438.76556    -13.220000267                        2.54 
 2453460.72656    1.14999997616                   2.4200001 
 2453477.70715    -12.529999733                   2.3499999 
 2453478.73762   -7.01999998093                        2.21 
 2453744.94751   -4.21000003815                   2.4200001 
 2453752.92801   -3.15000009537                   2.4200001 
 2453755.88435   -6.88999986649                   2.6800001 
 2453756.85587   -3.63000011444                   2.6500001 
 2453867.71941   -5.53999996185                   2.3499999 
 2453868.72335   -11.3699998856                        2.23 
 2453869.69892   -4.09999990463                        2.22 
 2454073.99184   -14.9899997711                        2.47 
 2454100.03115   -3.71000003815                   2.4300001 
 2454103.93713    4.15000009537                        2.46 
 2454133.84656   -3.19000005722                        2.71 
 2454220.77716             -0.5                   2.4200001 
 2454548.80209   -9.69999980927                   2.0999999 
 2454574.74193   -13.6499996185                   2.3299999 
 2454597.71787   -1.01999998093                   1.6700001 
 2454847.90008  -0.239999994636                   1.8300002 
